created_at,user_id
2020-08-25 20:23:27,amhiller
2020-08-25 07:09:58,JonathanZhou348
2020-08-19 07:40:10,CloveXJ
2020-08-18 22:23:45,devopstoday11
2020-08-18 11:44:48,fallewi
2020-08-15 05:27:26,anaypaul
2020-08-14 11:14:50,robruijter
2020-08-13 23:08:30,jbelke
2020-08-12 19:12:26,stevesoaress
2020-08-12 12:57:12,davidchen0310
2020-08-09 20:51:00,jstage
2020-08-08 16:41:29,pokermen169
2020-08-08 14:11:11,monavy
2020-08-08 00:17:26,RTann
2020-07-30 15:34:44,Romain7495
2020-07-27 17:01:21,ravi102465
2020-07-27 12:58:35,jalawala
2020-07-27 11:59:57,xiaoruiguo
2020-07-24 13:26:44,shabe
2020-07-24 02:19:11,nycnewman
2020-07-23 22:11:42,rajivraj
2020-07-19 05:40:06,niilante
2020-07-18 07:19:49,khadkeaakash
2020-07-17 17:05:40,loki4891
2020-07-14 23:05:07,code4security
2020-07-13 07:19:57,c1989415123
2020-07-10 17:43:20,ashvince
2020-06-24 07:50:48,hackerinchief
2020-06-17 23:48:54,mvdepaz
2020-06-17 18:18:15,stevensalas
2020-06-17 06:20:57,stevekim-git
2020-06-12 19:20:37,yybgbname
2020-06-11 20:56:14,kanchwala-yusuf
2020-06-11 14:36:10,GwonsooLee
2020-06-11 14:26:29,daxwang
2020-06-11 04:55:58,tahirali-csc
2020-06-09 11:35:58,pinkavaj
2020-06-09 07:35:35,netkey
2020-06-03 13:13:20,danmutblix
2020-06-03 10:07:29,longfeide2008
2020-06-02 04:58:41,guanchunguang
2020-05-29 14:59:01,zuxingyu
2020-05-29 00:12:09,jlauinger-mscthesis
2020-05-25 10:07:00,st-svc-github
2020-05-24 09:20:42,VinayaSathyanarayana
2020-05-23 12:04:17,CI-CD-Security
2020-05-22 11:30:31,nord3l
2020-05-21 23:16:17,jvitorinoj
2020-05-19 21:31:51,dylancai11
2020-05-19 10:35:22,MFrank2016
2020-05-17 11:00:26,royaflash
2020-05-15 13:21:34,yuexia-wuyimin
2020-05-14 17:45:24,maurycupitt
2020-05-14 05:30:39,Hexfocus-fork
2020-05-13 22:52:58,yedward
2020-05-12 14:07:01,vpetrusenko
2020-05-11 13:43:27,amasser
2020-05-08 13:51:53,sanmakol
2020-05-05 12:16:51,qinghai5060
2020-05-04 08:23:53,beike2020
2020-05-03 16:09:06,lulukelu
2020-04-29 15:07:07,a-nldisr
2020-04-28 19:37:30,skydancer0919
2020-04-28 17:25:44,bertrand-benoit
2020-04-27 22:38:02,samm-git
2020-04-24 20:59:22,howelt-sec
2020-04-24 14:11:05,rafiu007
2020-04-19 12:03:23,aviadatsnyk
2020-04-15 14:36:44,chrisley75
2020-04-15 08:51:01,SDBrett
2020-04-13 08:56:58,laashub-soa
2020-04-12 00:22:56,mkoprek
2020-04-11 20:10:03,githubassets
2020-04-09 16:59:38,CyberSecurityTechnology
2020-04-07 18:53:24,zoobinn
2020-04-05 16:47:09,sureshthivanka
2020-04-05 01:05:41,samuelmazilu2
2020-04-03 05:58:33,jsteven
2020-04-02 16:23:51,rafamanzo
2020-04-01 18:59:15,CMYanko
2020-03-31 13:21:29,astro0407
2020-03-31 00:35:07,pish180
2020-03-30 01:36:17,AlexVillegasC
2020-03-27 22:58:12,kaissfr
2020-03-19 21:42:20,gabelazo
2020-03-18 23:28:50,5l1v3r1
2020-03-16 12:31:17,mowangdk
2020-03-16 07:32:30,marciopocebon
2020-03-12 10:50:09,AvaGlobalgithub
2020-03-12 10:41:57,nguyenvanhaivn
2020-03-09 15:11:38,lcharlois-neotys
2020-03-08 03:46:29,ducksecops
2020-03-05 23:33:46,bochuxt
2020-03-01 11:37:11,simhaonline
2020-02-20 14:39:54,hyy0322
2020-02-19 10:41:36,cainzhong
2020-02-15 03:21:27,menendezjaume
2020-02-12 18:16:58,jkhalilkayak
2020-02-12 11:32:16,zhaolanbao
2020-02-11 08:35:49,koulq
2020-02-06 23:07:29,rinormaloku
2020-02-06 20:43:01,ethiansjh
2020-02-04 15:45:06,alexminder
2020-02-01 00:12:05,pedrofarinhaatshiftleftpt
2020-01-31 17:42:53,alexandrasandulescu
2020-01-24 20:39:34,hrist0stoichev
2020-01-22 17:49:12,RoeeShlomo
2020-01-16 00:45:08,hdonnay
2020-01-15 13:00:09,subramaniaym
2020-01-13 11:16:47,jsahputra
2020-01-04 13:56:04,geoffreyporto
2019-12-27 15:45:28,muharihar
2019-12-23 01:49:39,carlosorochi
2019-12-19 12:27:59,alan920
2019-12-19 11:03:55,rpnguyen
2019-12-18 16:33:26,renanzian
2019-12-18 14:32:37,hadenxx
2019-12-18 07:35:38,xuqiang76
2019-12-16 23:36:36,chlunde
2019-12-15 19:37:48,pmccooey
2019-12-13 02:39:43,andrewsharon
2019-12-12 22:41:39,alecmerdler
2019-12-10 09:31:36,979188666
2019-12-03 13:35:58,hokhyk
2019-12-03 04:34:10,swiftdiaries
2019-11-30 09:13:01,kisscelia
2019-11-29 08:16:20,majid2006
2019-11-26 00:23:35,Dizzydaizys
2019-11-23 15:27:19,vvnotw
2019-11-21 20:14:25,mirskifa
2019-11-19 13:37:49,hyunyiyi
2019-11-14 08:53:45,zhengrq-fnst
2019-11-13 01:39:02,athaller
2019-11-07 01:29:05,sahwar
2019-11-06 05:25:35,TNMMA
2019-11-06 02:40:04,krispcode
2019-11-05 22:56:44,mtougeron
2019-11-03 17:57:19,sfaisalshah
2019-11-02 01:54:46,arcrose
2019-10-25 12:52:25,michael-ni
2019-10-25 10:07:28,yihyunyi
2019-10-23 23:53:56,brennaman
2019-10-21 21:19:12,dcvasi
2019-10-21 05:59:17,thekbb
2019-10-20 16:37:58,clueware
2019-10-17 02:20:50,fkhan6601
2019-10-16 00:45:13,SpencerWoo
2019-10-15 00:25:53,colek42
2019-10-14 18:43:50,aroes
2019-10-14 07:38:42,aroslan-ml
2019-10-10 00:14:20,edgare
2019-10-09 11:39:38,immanuelfodor
2019-10-03 05:29:46,chefren
2019-10-01 22:20:41,samhays
2019-09-25 15:32:52,vithu95
2019-09-25 14:25:45,hungrypanda
2019-09-23 18:49:53,farr1617
2019-09-23 15:42:49,dewey363
2019-09-21 09:37:04,faisal-w
2019-09-17 13:50:14,Crono1
2019-09-11 01:09:27,oreza
2019-09-10 19:02:17,SquirrelSauce
2019-09-05 02:53:32,noahklein
2019-09-02 22:42:46,codehac
2019-08-30 23:28:18,TJarriault
2019-08-30 10:33:01,NanoSecCo
2019-08-29 22:08:00,NoBSaaS
2019-08-29 17:00:57,miksonx
2019-08-29 12:22:17,gokube
2019-08-27 22:14:04,rubik-ai
2019-08-27 19:07:33,ericmicrofocus
2019-08-21 22:28:58,jeroenniesen
2019-08-21 07:12:57,tchigher
2019-08-20 18:23:05,ivaylo-b
2019-08-19 17:28:42,YakShavingCatHerder
2019-08-19 11:31:35,shuhuishi91
2019-08-19 11:18:18,phypor
2019-08-17 19:39:18,IMULMUL
2019-08-17 04:01:45,abraaojs
2019-08-14 19:27:25,Ajitesh2012
2019-08-13 17:26:34,mewbak
2019-08-12 08:21:29,alexmurray
2019-08-11 12:54:11,shikunwei
2019-08-03 23:55:14,pyTh0n39
2019-08-03 04:05:41,sabre1041
2019-08-02 17:43:18,MVrachev
2019-08-01 14:30:17,abheyogy
2019-07-31 11:45:53,AsylumCorp
2019-07-31 11:45:30,SinSiXX
2019-07-30 21:41:48,santoshkatageri
2019-07-30 09:40:10,AllaeddineEL
2019-07-29 22:10:58,clrprod
2019-07-29 16:18:11,jaswdr
2019-07-26 08:10:07,j4ckzh0u
2019-07-26 06:32:26,shehanWeer
2019-07-24 01:48:59,mstrother
2019-07-19 13:24:37,bcyinc
2019-07-18 22:02:38,wesleyramos
2019-07-18 06:05:42,Vulcanhy
2019-07-17 05:24:23,imlonghao
2019-07-16 00:04:41,inderdevta
2019-07-15 03:53:54,0x6b7966
2019-07-12 06:45:43,benzaidfoued
2019-07-10 21:30:38,bazmera
2019-07-08 14:03:19,jamesmccullochibm
2019-07-08 13:52:02,paulaldridge
2019-07-05 15:36:00,jafernandez73
2019-07-05 08:37:03,alexkreidler
2019-07-04 13:39:36,iainduncani
2019-07-04 13:36:46,peacocb
2019-07-02 13:41:40,jwlogemann
2019-07-02 07:01:39,zhanglizeyi
2019-07-01 12:03:26,lhb008
2019-07-01 03:58:30,MediaKraken-Dep
2019-06-27 17:47:50,tanelpeep
2019-06-26 12:06:19,k8s-canux
2019-06-24 21:21:41,xceptioncode
2019-06-20 17:15:59,makoluka
2019-06-19 11:58:18,thelongestusernameofall
2019-06-19 10:00:37,RobinSoenen
2019-06-19 05:44:48,claptrap666
2019-06-19 00:46:04,rgoodson-redhat
2019-06-15 12:44:15,pemcconnell
2019-06-14 15:06:34,svenmeinking
2019-06-10 15:09:27,jmmartin92
2019-06-03 12:08:39,harimau99
2019-06-01 16:47:04,DavidPesticcio
2019-05-31 06:02:49,LilyFaFa
2019-05-29 06:01:46,rkhozinov
2019-05-27 21:44:49,kurganme
2019-05-24 12:57:40,animuk
2019-05-23 14:54:21,igorgorovoy
2019-05-22 17:55:16,AmazingGhost
2019-05-22 12:08:32,juner417
2019-05-22 00:32:03,ZipRecruiter
2019-05-20 10:13:37,trydirect
2019-05-15 02:12:43,Divyang-Soni
2019-05-14 12:56:07,pradeep-surabhi
2019-05-14 11:37:36,mikeroyal
2019-05-10 13:25:34,anezashraf
2019-05-09 21:13:35,matthooper1
2019-05-09 06:47:21,x0james
2019-05-09 01:39:05,teralabpolska
2019-05-08 15:48:37,Jeklah
2019-05-06 21:11:59,ldelossa
2019-05-06 18:47:14,msfuko
2019-05-01 03:12:49,guscerin
2019-04-29 22:39:41,martinthomas
2019-04-29 20:17:33,zfil
2019-04-29 06:01:44,bloodzer0
2019-04-26 19:19:30,limuitech
2019-04-26 10:22:19,flumm
2019-04-26 06:27:21,likuankuan
2019-04-26 05:48:25,JackyYin
2019-04-25 16:11:02,edersonbrilhante
2019-04-21 04:13:56,TheGableMethod
2019-04-20 13:55:46,kingfsen
2019-04-19 18:46:17,hacker-steroids
2019-04-17 07:24:06,mincore
2019-04-16 12:35:38,gitlawr
2019-04-16 10:46:42,taragurung
2019-04-15 12:44:00,fzxcp3
2019-04-07 12:01:13,4n3i5v74
2019-04-03 14:13:29,l9sk
2019-04-03 02:04:08,vineetzunjarwad
2019-04-02 14:10:21,magneval
2019-03-28 05:01:07,javajon
2019-03-27 20:58:55,icsu
2019-03-27 14:33:44,yixingjia
2019-03-22 20:10:21,rahmiy
2019-03-22 10:53:09,duyanghao
2019-03-21 01:47:31,pashh
2019-03-20 22:27:21,tncyysl
2019-03-20 18:42:27,bluelabsio
2019-03-20 17:57:04,dkarnutsch
2019-03-20 14:35:03,cnorthwood
2019-03-20 07:19:51,joelee2012
2019-03-20 00:01:52,permanentdaylight
2019-03-17 19:44:25,toshi0123
2019-03-15 13:58:20,isgasho
2019-03-15 06:38:28,batermj
2019-03-15 03:59:32,malikashish8
2019-03-14 14:17:31,totoroha
2019-03-14 10:32:54,Suchismita1tutun
2019-03-14 03:22:17,ghaliba3
2019-03-12 18:20:26,hp134
2019-03-10 20:01:15,attackgithub
2019-03-08 00:04:00,suved-adkar-da
2019-03-07 01:11:43,Seabreg
2019-02-28 22:35:05,tH-Watch3r
2019-02-28 01:53:36,catalin-costras
2019-02-26 07:59:22,8589
2019-02-26 05:20:22,firstval
2019-02-26 00:37:50,irenexychen
2019-02-24 10:21:33,anleo6
2019-02-23 21:15:42,SecureCloud-biz
2019-02-23 14:52:15,crazyrex
2019-02-19 20:36:18,shouamy
2019-02-18 23:20:36,ddzzj
2019-02-18 12:22:43,rererecursive
2019-02-18 09:07:31,mbrukman
2019-02-17 00:37:57,mbouchar
2019-02-14 08:24:07,sagarpawar23700
2019-02-12 17:21:13,wangyonghui888
2019-02-12 13:21:47,lanzsec
2019-02-08 13:26:08,x-cellent
2019-02-08 06:44:16,CodeLingoBot
2019-02-06 14:59:05,gwenall
2019-02-04 13:38:24,redhat-aqe
2019-02-04 09:59:35,kartikeyap
2019-02-01 03:30:14,enterstudio
2019-01-30 03:34:32,dustinspecker
2019-01-29 22:18:40,Tabraiz05
2019-01-29 14:36:00,rnakano
2019-01-22 17:19:41,orf53975
2019-01-22 12:09:43,ahmddp
2019-01-21 21:34:24,jhinds
2019-01-21 17:54:37,saromanov
2019-01-18 12:04:50,j4cks0x3n
2019-01-17 15:47:54,jsfan
2019-01-15 11:31:45,debarghyapandit
2019-01-10 06:37:36,carol8421
2019-01-09 00:23:00,dtmmoreno
2019-01-08 05:50:15,kumarchatla
2019-01-04 13:32:34,HACKERENA
2019-01-04 11:42:48,sunilk747
2019-01-03 22:26:58,jakubigla
2019-01-03 16:16:07,manuprometheus
2019-01-03 11:01:22,caicloud
2018-12-31 13:46:29,jimmyislive
2018-12-30 07:20:50,leewalter
2018-12-29 17:52:41,kubeshield
2018-12-27 10:56:14,mendickxiao
2018-12-25 18:51:17,ik-security
2018-12-24 08:03:34,macbinn
2018-12-17 13:17:08,a1kaid
2018-12-16 13:13:22,yqyunjie
2018-12-11 04:19:40,ericysim
2018-12-10 18:58:50,1522402210
2018-12-10 15:34:17,travelaudience
2018-12-06 17:38:56,ggainey
2018-12-06 12:29:21,pbalogh-sa
2018-12-04 20:21:42,MoneyLion
2018-12-03 13:11:29,silenceper
2018-11-28 15:50:37,unsigned-
2018-11-28 02:19:40,cket
2018-11-26 17:21:07,rafalix1337
2018-11-23 10:58:33,SataQiu
2018-11-17 20:18:37,mshaaban088
2018-11-15 23:12:30,tomdee
2018-11-13 12:27:59,superf0sh
2018-11-12 06:45:01,cd1989
2018-11-11 16:46:27,mirekphd
2018-11-09 14:06:25,fghauri-zaizi
2018-11-03 05:45:55,kingfs
2018-11-03 03:30:03,glb
2018-10-31 21:53:16,AzureCloudMonk
2018-10-30 11:28:01,jangwonpark74
2018-10-30 11:06:24,T1m0n0
2018-10-30 09:11:06,click2cloud-admin
2018-10-30 01:27:08,tigonza
2018-10-28 16:44:23,HaraldNordgren
2018-10-28 12:35:52,sunyuyangg555
2018-10-25 23:18:21,aubcor01
2018-10-25 00:36:49,LiquidInCa
2018-10-22 23:39:47,omarvides
2018-10-19 05:47:25,jakirpatel
2018-10-17 16:57:50,weberri
2018-10-13 16:53:25,ymmah
2018-10-13 00:09:38,Katee
2018-10-12 22:27:07,abbrizvi4
2018-10-11 14:21:02,wcsno1
2018-10-10 18:07:21,dockerpedia
2018-10-10 17:31:09,w1r2p1
2018-10-01 19:02:11,Zapfmeister
2018-09-28 16:38:23,popawu
2018-09-28 06:24:15,bysnupy
2018-09-26 17:36:53,Aeroglyphic
2018-09-25 17:06:54,mosoriob
2018-09-24 19:47:44,william-schmitt
2018-09-23 11:27:07,emmoblin
2018-09-19 19:49:33,anandg112
2018-09-19 07:17:45,fit2cloudrd
2018-09-19 06:13:08,obiknows
2018-09-19 05:54:15,spaparaju
2018-09-17 18:31:35,BenceKovari
2018-09-12 21:11:17,brentley
2018-09-11 10:32:25,cnulenka
2018-09-07 09:50:24,whantt
2018-09-06 16:46:29,Avni-Sharma
2018-09-05 23:46:04,pjryan93
2018-08-30 12:59:26,slmint
2018-08-29 22:22:19,djhenry
2018-08-29 21:26:25,dberuben
2018-08-29 20:15:01,Nanyte25
2018-08-29 15:13:06,tbhu
2018-08-29 14:33:38,magerx
2018-08-28 22:57:54,B-Simon1
2018-08-27 23:40:15,dustinvanbuskirk
2018-08-25 22:00:39,40a
2018-08-23 08:59:23,reasonerjt
2018-08-22 13:40:10,wevans311082
2018-08-22 11:07:28,MaKyOtOx
2018-08-20 05:24:13,Ethan-2017
2018-08-16 07:57:51,security-prince
2018-08-14 12:31:43,PavelTishkin
2018-08-09 15:25:27,Allda
2018-08-08 16:50:07,robertomlsoares
2018-08-06 19:20:01,Patazerty
2018-07-30 23:20:51,aiminickwong
2018-07-30 22:13:37,braun1928
2018-07-30 16:28:44,sunius
2018-07-30 12:22:08,rvaughan
2018-07-24 12:17:14,paichayon321
2018-07-23 23:04:58,fossabot
2018-07-21 10:50:10,greatspider135
2018-07-20 02:18:14,Urthen
2018-07-20 00:42:54,joelturner79
2018-07-19 13:29:28,naibaf0
2018-07-18 21:02:45,etsauer
2018-07-17 16:07:45,hongli-my
2018-07-17 10:24:48,Shubham310
2018-07-17 10:23:48,shubh-18
2018-07-13 01:31:50,ErikThoreson
2018-07-09 21:40:51,arno01
2018-07-09 17:14:46,security-geeks
2018-07-09 14:56:27,AltMeta
2018-07-07 11:04:51,saranjsr
2018-07-06 12:22:56,zdtsw
2018-07-05 19:09:31,MackJM
2018-07-05 03:37:36,stevei101
2018-07-04 19:00:50,ripmars
2018-07-01 05:29:37,tiandiyixian
2018-06-30 03:08:06,westonsteimel
2018-06-29 11:03:19,shellsec
2018-06-29 01:33:43,corvana
2018-06-29 00:45:12,omegang610
2018-06-27 18:02:50,ninjaMog
2018-06-26 16:02:08,wangzhenxing
2018-06-22 06:52:27,TCiPongor
2018-06-21 00:08:08,codegrande
2018-06-20 10:26:32,ugoenyioha
2018-06-19 16:11:08,haoirui
2018-06-15 15:14:53,kaneko-yu
2018-06-15 12:39:27,5sch
2018-06-12 22:30:33,davidslater250
2018-06-09 03:43:14,qinzhao168
2018-05-25 12:07:05,opt9
2018-05-23 06:35:33,5up3rc
2018-05-21 16:52:06,cmattoon
2018-05-19 15:55:44,yucl80
2018-05-18 13:11:22,Xiang-do
2018-05-16 14:10:33,chubbymaggie
2018-05-16 09:55:45,austinwangsap
2018-05-09 12:00:18,emmnoi
2018-05-09 06:36:40,agasbzj
2018-05-08 17:17:09,cyw3
2018-05-07 10:20:15,qeqar
2018-05-03 21:46:48,praveendhac
2018-05-03 17:34:53,x10an14
2018-04-29 18:41:15,superpoussin22
2018-04-28 11:44:42,Jinyll
2018-04-27 01:30:00,alwaysbright
2018-04-25 16:42:37,shudipta
2018-04-23 19:14:49,lparis
2018-04-23 17:00:54,kinihun
2018-04-23 01:10:45,usr42
2018-04-21 17:18:14,woodandfire
2018-04-20 22:54:28,roxspring
2018-04-17 00:49:31,wg135
2018-04-12 13:47:27,fr3nd
2018-04-12 07:27:06,huangjiasingle
2018-04-11 01:31:24,sumitag
2018-04-09 08:59:00,hhomar
2018-04-08 20:19:11,gmhzxy
2018-04-05 17:31:20,itc3repos
2018-04-02 20:30:57,tomer-1
2018-04-02 07:11:50,burdzwastaken
2018-03-31 10:47:54,appbootup
2018-03-30 19:44:23,NigelWan
2018-03-30 14:53:57,m00zh33
2018-03-28 22:13:44,extremenelson
2018-03-27 11:39:53,liuyusen
2018-03-23 08:45:43,zminjiao
2018-03-22 23:27:34,tokiwong
2018-03-21 15:02:47,markyjackson-taulia
2018-03-19 03:51:46,fengweijp
2018-03-16 04:11:08,devonartis
2018-03-16 00:27:17,meringu
2018-03-13 20:58:15,Azure-Challenge-Winners
2018-03-13 03:19:11,pam-
2018-03-12 16:36:39,tkaefer
2018-03-08 12:34:03,wdhcn
2018-03-07 16:45:05,lvzhihao
2018-03-05 10:57:06,QBui
2018-03-01 11:14:34,0x13337
2018-02-22 21:58:50,sathyavijayan
2018-02-22 18:08:52,ziozzang
2018-02-22 14:59:01,kumy
2018-02-22 06:44:34,chenqiangzhishen
2018-02-20 12:20:48,ArekCzarnik
2018-02-16 21:11:40,bhai840
2018-02-16 15:50:09,dmitrytokarev
2018-02-15 17:21:56,wsbespalov
2018-02-14 03:44:04,zmackie
2018-02-10 03:26:05,introllo
2018-02-09 17:27:02,vdboor
2018-02-08 03:16:33,bryantidd
2018-02-08 00:40:31,mohilpatel
2018-02-05 15:27:53,traum-ferienwohnungen
2018-01-31 20:13:35,thomasmckay
2018-01-31 17:02:06,dzaporozhets
2018-01-31 16:35:57,olsove
2018-01-27 05:59:46,iacfio
2018-01-27 04:08:16,unsecureio
2018-01-26 19:11:34,varunsamineni
2018-01-25 22:49:07,ma0c
2018-01-25 08:08:57,hewen1125
2018-01-24 19:23:33,shellgh05t
2018-01-24 14:21:22,vinayakshnd
2018-01-23 20:49:38,r2mi63
2018-01-23 16:00:53,romanAbrahamovic
2018-01-23 10:08:47,lrepolho
2018-01-22 12:15:28,zhanglianx111
2018-01-21 00:14:43,atsivakumar
2018-01-15 19:37:25,marandalucas
2018-01-12 16:59:49,joerayme
2018-01-05 00:19:10,ericchiang
2018-01-04 17:59:05,ggulati2
2018-01-03 22:42:15,magnologan
2018-01-03 05:21:21,Kryndex
2018-01-03 05:21:18,AlexxNica
2018-01-02 08:13:14,qiupei
2017-12-27 08:55:00,JeromeLi
2017-12-26 19:36:36,chengfangang
2017-12-23 13:48:28,dockerk
2017-12-22 10:36:43,ms4720
2017-12-17 22:03:09,bkochendorfer
2017-12-17 16:42:32,im-kulikov
2017-12-17 16:17:50,abdulmujeeb
2017-12-17 16:05:12,HadokenCode
2017-12-15 14:25:43,xiaonancc77
2017-12-13 01:19:45,vsbca
2017-12-12 14:29:19,ringtail
2017-12-05 14:43:48,t4mo
2017-11-29 23:58:30,jagdeepgithub
2017-11-28 11:51:02,shellb0y
2017-11-24 07:40:29,webvul
2017-11-23 11:28:41,iamshreeram
2017-11-21 14:33:01,caulagi
2017-11-18 00:54:12,aarad
2017-11-16 17:36:22,ddingel
2017-11-15 14:12:10,gotoolkits
2017-11-13 08:05:05,jagjag
2017-11-10 23:13:20,ajgreenb
2017-11-10 07:30:19,rmmm
2017-11-10 03:54:16,danfitch
2017-11-08 22:35:36,dd-repo
2017-11-07 20:30:25,kevinsmith100
2017-11-07 16:50:20,alafengfeng
2017-11-07 09:20:08,odg0318
2017-11-05 18:41:03,dyhpoon
2017-10-27 05:31:44,huamixu
2017-10-27 02:47:42,cameronattard
2017-10-26 12:51:14,yuankeyang
2017-10-23 06:18:25,jianzj
2017-10-19 13:19:18,dquagebeur
2017-10-18 12:47:12,xucaiyong
2017-10-13 20:06:14,bseb
2017-10-12 23:20:40,jburandt
2017-10-12 04:26:34,jstrange
2017-10-10 05:31:55,avldya
2017-09-29 08:55:54,brega321
2017-09-24 05:27:42,alephnot0
2017-09-22 19:27:28,mr-bt
2017-09-22 18:26:58,danielbryantuk
2017-09-22 03:48:21,gcmurphy
2017-09-20 16:04:20,cpauls
2017-09-20 11:43:21,zamarrowski
2017-09-19 12:16:45,ziv0chou
2017-09-15 05:26:49,CNXTEoEorg
2017-09-12 17:12:28,grebois
2017-09-08 10:39:18,hchenxa
2017-09-06 18:42:41,bmcustodio
2017-09-02 15:10:25,Evalle
2017-09-01 18:38:46,gbird3
2017-08-31 00:54:38,4a256b6b3e7t3e8b7t9q7t
2017-08-31 00:10:45,luis-echegaray
2017-08-30 13:19:59,gerwim
2017-08-25 10:24:57,zmarouf
2017-08-24 23:06:40,InTheCloudDan
2017-08-23 17:39:02,combient
2017-08-21 14:21:46,furuholm
2017-08-20 13:02:44,stakater
2017-08-19 21:38:02,sfweni
2017-08-16 07:49:32,materone
2017-08-11 22:55:24,michalkoczwara
2017-08-10 19:49:05,nearform
2017-08-06 07:27:54,rbramwell
2017-08-03 20:52:57,csxqli
2017-07-29 11:50:25,initlove
2017-07-29 07:53:17,theBashShell
2017-07-28 22:47:10,russdeg
2017-07-26 23:30:23,yawboateng
2017-07-26 03:03:21,rakesh-k
2017-07-25 13:29:07,chuanchang
2017-07-23 22:28:25,claque2000
2017-07-18 15:18:40,mssola
2017-07-14 21:07:24,wimanaconda
2017-07-08 16:06:12,darg0001
2017-07-07 16:09:31,jensg
2017-07-06 13:32:49,yastij
2017-07-05 23:57:25,xuwang
2017-07-04 13:20:59,sun363587351
2017-06-27 14:52:58,the-interesting-times-gang
2017-06-27 13:47:01,yebinama
2017-06-24 18:46:53,attackplay
2017-06-24 04:00:22,frapsoft
2017-06-19 17:46:31,NitescuLucian
2017-06-16 12:59:12,warrenween
2017-06-16 11:58:51,deathmemory
2017-06-14 08:08:42,cloud-architecture
2017-06-12 04:15:48,kindlyops
2017-06-12 02:26:51,kleesc
2017-06-08 18:31:44,jpprins1
2017-06-08 15:21:19,pjewiec
2017-06-07 15:29:44,transcedentalia
2017-06-05 07:30:28,hzy001
2017-05-23 00:35:25,eth7
2017-05-18 14:41:06,hbohuang
2017-05-18 12:57:28,superxi911
2017-05-16 00:51:16,chrismoos
2017-05-15 10:37:15,ChristianKniep
2017-05-14 18:45:14,sa-mao
2017-05-14 14:16:56,knqyf263
2017-05-12 06:08:23,doughoke
2017-05-08 19:49:44,damelo
2017-05-02 00:59:12,KeyboardNerd
2017-04-27 01:42:08,tianon
2017-04-26 21:41:07,dmyerscough
2017-04-25 11:24:47,irivera007
2017-04-23 23:16:19,josuesdiaz
2017-04-21 14:29:46,zbindenren
2017-04-20 02:50:43,mcclory
2017-04-19 16:33:50,ordina-jworks
2017-04-19 06:19:22,AV1080p
2017-04-18 19:20:18,solyuan
2017-04-18 10:30:54,jcfxq
2017-04-16 19:50:44,wwjiang007
2017-04-12 20:49:11,dustin-decker
2017-04-12 18:13:25,davidxia
2017-04-11 19:38:19,matslina
2017-04-10 23:52:42,mridley2014
2017-04-10 14:15:09,IvanMykhailov
2017-04-09 14:35:50,zdoop
2017-04-06 19:26:00,duelle
2017-04-05 03:00:56,soggiest
2017-04-04 03:09:14,kevinburke
2017-03-25 22:42:15,etsangsplk
2017-03-23 16:35:40,longchat
2017-03-22 13:11:22,schmunk42
2017-03-21 14:08:42,chaos-theory
2017-03-18 17:10:06,akinsWin
2017-03-15 22:43:56,arminc
2017-03-15 15:21:35,halencarjunior
2017-03-14 15:37:14,DockerAsura
2017-03-12 21:42:18,dstrbad
2017-03-07 17:24:35,AbuAbbaad
2017-03-07 04:24:03,iag-abd
2017-03-06 20:28:26,pizzarabe
2017-03-04 06:41:35,tedli
2017-03-03 23:10:12,pgburt
2017-03-03 08:56:13,kud-sta
2017-03-01 07:44:41,avartia
2017-02-26 23:20:19,FlorinPeter
2017-02-25 17:39:40,RexCasimir
2017-02-22 22:56:32,kuuji
2017-02-18 07:06:21,rubythonode
2017-02-18 07:01:25,donfanning
2017-02-13 04:00:12,erfe1
2017-02-13 03:28:08,jessfraz
2017-02-08 11:48:29,appcoreopc
2017-02-05 21:47:18,mreddy8182
2017-02-01 02:10:37,acdha
2017-01-29 03:17:42,andrewwebber
2017-01-27 12:27:01,ant4g0nist
2017-01-25 21:20:41,yuede
2017-01-18 18:28:25,nagyistge
2017-01-18 08:27:03,modulexcite
2017-01-12 11:23:52,0x00z
2017-01-12 07:49:53,zoues
2017-01-04 11:38:52,ProgrammerAndHacker
2017-01-02 19:05:51,strantalis
2017-01-02 18:20:29,miketheman
2016-12-28 21:05:17,wvcardoso
2016-12-21 20:12:21,jszalkowski
2016-12-20 11:44:05,BurnerDocker
2016-12-20 04:04:33,ellerbrock
2016-12-16 07:39:21,chennqqi
2016-12-13 19:07:25,itsnotapt
2016-12-13 05:55:11,jlk
2016-12-12 01:50:59,xczhanjun
2016-12-10 07:08:03,chjhaijiang
2016-12-09 13:32:08,AlbertoPeon
2016-11-29 08:38:07,maniacs-ops
2016-11-23 10:12:30,huxiaoliang
2016-11-21 10:39:27,gyliu513
2016-11-16 07:51:28,Windfarer
2016-11-10 17:28:15,phaseshift42
2016-11-07 15:28:39,JensPiegsa
2016-11-01 11:58:50,infralovers
2016-10-31 23:34:49,forkorama-legion
2016-10-25 19:37:24,adoburrito
2016-10-24 06:47:06,supereagle
2016-10-13 15:26:55,avinashk08
2016-10-12 19:38:40,allen13
2016-10-12 11:09:07,leobcn
2016-10-09 20:47:17,vchander
2016-09-29 17:25:48,kaygorodov
2016-09-29 15:07:17,ScorpioCPH
2016-09-26 11:14:02,jrjang
2016-09-26 05:08:51,philipz
2016-09-22 04:06:54,zuBux
2016-09-21 00:10:36,HTTP4
2016-09-19 06:23:44,ashang
2016-09-15 18:12:30,ivopatty
2016-09-09 11:36:55,ecneladis
2016-09-08 07:09:20,pugna0
2016-08-30 06:40:03,PoeBlu
2016-08-24 21:25:42,robszumski
2016-08-22 19:21:16,MiauWuffMiau
2016-08-21 04:01:39,github-cloud-corporation
2016-08-18 11:31:42,Helen-Xie
2016-08-16 11:12:00,trescst
2016-08-12 00:48:43,vbatts
2016-08-11 20:26:03,heph
2016-08-04 12:01:25,vrosnet
2016-08-04 11:33:27,UNIVERSAL-IT-SYSTEMS
2016-07-17 13:53:44,DockerNuts
2016-07-14 18:47:38,rabbotio
2016-07-14 09:26:49,canturkisci
2016-07-12 22:58:22,monder
2016-07-05 06:32:22,paperandsoap
2016-06-28 14:12:09,E-LLP
2016-06-28 00:13:11,solidnerd
2016-06-22 08:33:44,Ulexus
2016-06-21 17:02:53,bartockbat
2016-06-14 19:57:30,remotesyssupport
2016-06-14 11:35:21,cynipe
2016-06-12 12:37:36,nora55974
2016-06-07 21:55:08,l1kw1d
2016-06-07 18:45:51,openSUSE
2016-06-07 12:10:57,wflk
2016-06-06 00:32:15,linearregression
2016-06-03 03:32:10,cloudflare
2016-06-02 19:32:23,JJediny
2016-05-31 20:35:12,mattmoor
2016-05-30 13:30:59,CornSoiliml
2016-05-29 01:49:34,nsk
2016-05-26 01:27:01,databus23
2016-05-25 19:37:13,kevinkarwaski
2016-05-25 11:56:35,iaredr
2016-05-25 11:30:17,xujun10110
2016-05-24 17:16:57,moovel
2016-05-24 04:28:43,sbehrens
2016-05-22 02:06:14,samyoyo
2016-05-20 16:09:19,LucaBongiorni
2016-05-19 12:53:19,sarnowski
2016-05-19 12:22:42,Trietptm-on-Security
2016-05-13 19:42:31,lmineiro
2016-05-12 00:48:39,andy737
2016-05-09 16:00:59,tomstockton
2016-05-03 11:08:21,liangchenye
2016-04-28 22:13:48,mukteshkrmishra
2016-04-28 06:06:00,jinsiang2008
2016-04-18 22:43:19,mnjstwins
2016-04-18 11:44:56,brianwrf
2016-04-13 20:49:46,ejcx
2016-04-12 07:05:17,redteamcaliber
2016-04-08 12:44:20,sjas
2016-04-08 01:06:30,mattlorimor
2016-04-05 14:17:05,JessCL
2016-04-04 20:28:48,albertogviana
2016-04-01 06:32:22,naveenkunareddy
2016-03-23 16:59:17,BWITS
2016-03-23 15:06:14,liuq4360
2016-03-22 08:49:13,cnbird1999
2016-03-20 10:42:01,GuardianRG
2016-03-19 20:39:26,bestwpw
2016-03-18 21:05:50,philips
2016-03-09 16:42:48,borzamircea
2016-03-09 09:25:08,unageanu
2016-03-06 23:49:19,anku14
2016-03-01 22:31:26,thuc-dev
2016-02-23 22:03:12,sjourdan
2016-02-18 18:04:42,mnuessler
2016-02-15 10:02:27,maxking
2016-02-14 05:18:09,kuldeepb
2016-02-11 22:03:16,Cloudxtreme
2016-02-05 09:34:20,dwdm
2016-01-08 08:08:00,robinjha
2016-01-04 22:58:25,jlamcanopy
2016-01-02 10:16:24,bigmarvin
2015-12-24 19:27:04,jgsqware
2015-12-18 09:49:20,jzelinskie
2015-12-14 21:54:26,wallashop
2015-12-10 17:10:07,firebitsbr
2015-12-08 02:28:02,ttreuthardt
2015-12-07 20:11:24,candita
2015-12-07 12:39:32,hellozrf
2015-12-06 15:21:13,liusongpeng
2015-11-30 01:05:36,mrqwer88
2015-11-29 08:33:14,sporkmonger
2015-11-28 08:30:23,coolljt0725
2015-11-26 09:19:13,ContinUSE
2015-11-25 20:48:24,4sp1r3
2015-11-24 11:50:16,neujie
2015-11-24 08:29:12,coztest
2015-11-24 02:34:08,stapelberg
2015-11-23 18:55:14,fatalbanana
2015-11-23 18:31:44,mommel
2015-11-23 04:05:25,frntn
2015-11-22 21:44:17,yekeqiang
2015-11-21 01:56:03,jonboulle
2015-11-20 11:00:27,jqk6
2015-11-20 08:00:34,bluebreezecf
2015-11-20 07:45:17,tomzhang
2015-11-20 02:10:36,cautio
2015-11-18 16:02:31,WeiZhang555
2015-11-18 12:59:20,loveshell
2015-11-17 18:05:57,liorvh
2015-11-17 00:12:17,lorenz
2015-11-16 19:27:38,agilemobiledev
2015-11-16 17:47:46,nonudd
2015-11-16 07:57:27,cs24
2015-11-16 03:57:32,pombredanne
2015-11-16 01:13:51,geezer-workshop
2015-11-16 00:33:30,Tippster
2015-11-15 20:25:11,shaunstanislaus
2015-11-15 15:48:10,humbertcostas
2015-11-15 05:36:46,andre-integritas
2015-11-15 01:21:23,crudbug
2015-11-15 00:50:40,shaheemirza
2015-11-14 19:15:27,sjfloat
2015-11-14 07:32:53,ruo91
2015-11-14 04:01:04,sheltowt
2015-11-14 03:49:32,Quentin-M
2015-11-14 03:47:17,shamiq
2015-11-14 03:03:11,lmeyemezu
2015-11-14 00:07:07,kinvolk
