starred_at,user_id
2015-11-14 05:35:53,neoatomic
2015-11-14 05:38:27,miigotu
2015-11-14 09:58:24,badloop
2015-11-17 04:01:49,Machou
2015-11-18 00:07:23,Arcanemagus
2015-11-18 05:58:37,smuckola
2015-11-18 08:05:27,k4n30
2015-11-18 13:02:36,Rouzax
2015-11-18 15:01:38,nbara
2015-11-18 17:29:30,risdevs
2015-11-18 18:18:41,raver2046
2015-11-18 18:23:10,CristianBB
2015-11-18 19:19:35,MAscooby
2015-11-18 21:14:05,Ic3Nine
2015-11-18 21:24:03,Sarcas666
2015-11-18 21:35:35,xios01
2015-11-18 21:41:04,TimDowker
2015-11-18 23:27:43,Hydrog3n
2015-11-18 23:34:14,jeop10
2015-11-18 23:50:22,nielswitte
2015-11-18 23:58:29,h3llrais3r
2015-11-19 01:16:45,perfaram
2015-11-19 01:19:12,pmaciocia
2015-11-19 02:04:03,joedf
2015-11-19 02:43:32,panpanini
2015-11-19 03:16:57,ragtag-fleet
2015-11-19 03:59:34,theit8514
2015-11-19 10:49:14,DisasteR
2015-11-19 13:18:39,loxley
2015-11-19 21:06:39,mvishnevsky
2015-11-19 21:23:32,averrin
2015-11-19 23:09:56,Bklyn
2015-11-20 00:24:36,The0mega
2015-11-20 01:26:18,jghibiki
2015-11-20 01:30:05,aaron-vaz
2015-11-20 01:32:09,Schnouki
2015-11-20 02:56:39,snow3461
2015-11-20 04:31:13,UniverseXXX
2015-11-20 14:10:42,VinceVal
2015-11-20 19:52:45,fredwu
2015-11-20 23:33:51,jcalado
2015-11-20 23:39:44,lokenx
2015-11-20 23:44:32,victoriasavi
2015-11-21 17:45:44,frucstuk
2015-11-22 01:09:57,superhancpetram
2015-11-22 03:02:24,jcftang
2015-11-22 20:46:59,MaxSchouten
2015-11-23 11:30:06,sboger
2015-11-23 13:57:16,RattyDAVE
2015-11-23 20:42:02,sanderboom
2015-11-24 00:16:37,kezek
2015-11-24 03:52:45,OmgOhnoes
2015-11-24 20:47:24,Rido
2015-11-24 20:59:55,thebodster
2015-11-24 21:20:52,zag2me
2015-11-24 21:50:50,mvrilo
2015-11-24 22:56:54,scottjl
2015-11-25 00:44:22,sumnerboy12
2015-11-25 04:30:39,metroshica
2015-11-25 04:33:45,jSherz
2015-11-28 01:23:03,johnbousfield
2015-11-28 12:48:42,sn3ak
2015-11-29 02:33:16,wokkafella
2015-11-29 17:01:26,romanocry
2015-11-30 23:51:43,psypanda
2015-12-01 07:55:49,rhyssman
2015-12-01 15:58:00,bolmstedt
2015-12-01 21:36:18,adocampo
2015-12-01 21:45:35,Juarkord
2015-12-02 06:34:50,lsellens
2015-12-02 07:25:56,didyouexpectthat
2015-12-02 13:29:09,meat-ball
2015-12-02 21:04:34,Adriien-M
2015-12-03 04:21:00,hjone72
2015-12-03 21:19:46,alanquillin
2015-12-04 04:57:49,JigSawFr
2015-12-04 06:10:39,eareye
2015-12-04 10:00:40,creoden
2015-12-04 15:29:40,bluezed
2015-12-04 21:41:19,jbreitbart
2015-12-04 22:42:00,K405
2015-12-05 00:04:04,achrstl
2015-12-05 06:11:31,head2k
2015-12-05 17:56:48,afhole
2015-12-06 02:31:38,jtp755
2015-12-06 08:46:25,SJ50
2015-12-06 23:54:31,notho
2015-12-07 05:01:29,RenaudBompuis
2015-12-08 00:26:14,unity
2015-12-08 02:50:37,Jucgshu
2015-12-08 04:36:13,Portablelle
2015-12-08 16:15:35,km09
2015-12-09 03:28:39,mgaulton
2015-12-10 18:09:43,Hellowlol
2015-12-10 23:10:05,ElRico
2015-12-11 01:46:34,VixsTy
2015-12-11 13:23:25,RhyLlew
2015-12-12 08:20:58,yenoiwesa
2015-12-12 11:28:24,jlyanez
2015-12-12 18:33:21,stephencornelius
2015-12-13 02:24:10,zmike808
2015-12-14 13:49:19,tchirou
2015-12-14 20:32:13,Patafix
2015-12-16 09:45:46,saitoh183
2015-12-16 14:21:03,SuperBFG7
2015-12-16 16:42:53,ward0
2015-12-17 02:34:07,abetancort
2015-12-17 19:34:48,geoanimator
2015-12-17 23:36:39,dsoms
2015-12-18 05:27:33,cyberhiker
2015-12-18 07:01:20,screwzluse
2015-12-18 12:44:32,nivfreak
2015-12-18 14:01:10,thoj
2015-12-18 14:55:00,michaelarnauts
2015-12-19 00:43:08,xtjoeytx
2015-12-19 00:46:24,reaxi0n
2015-12-19 14:22:56,StormTrooper
2015-12-19 15:47:55,Tosko4
2015-12-19 16:14:40,benninkcorien
2015-12-20 14:00:38,fireph
2015-12-20 20:15:57,sebweaver
2015-12-21 03:18:20,sammy2142
2015-12-21 03:41:41,gitawego
2015-12-21 09:54:15,jebus0730
2015-12-21 14:38:48,amoosbr
2015-12-21 15:49:57,mama31
2015-12-21 23:40:54,anarion80
2015-12-22 02:02:18,fz6
2015-12-22 03:03:18,didli
2015-12-22 04:11:38,tgy
2015-12-22 06:54:55,chiefy
2015-12-22 15:42:07,Dubrzr
2015-12-22 15:44:33,fergalmccarthy
2015-12-22 17:54:44,mckinnon81
2015-12-22 21:21:15,Snaipe
2015-12-23 04:44:03,mbnoimi
2015-12-23 17:40:15,skar42
2015-12-23 22:59:40,ByKaj
2015-12-24 04:27:18,mscrivo
2015-12-25 06:41:41,taylorbanks
2015-12-25 11:36:23,albertrdixon
2015-12-25 23:43:12,pjmagee
2015-12-26 15:52:44,bentech
2015-12-27 01:30:35,seronal
2015-12-27 07:39:46,YourHuckleberry
2015-12-27 08:25:56,jmouta
2015-12-28 21:58:23,wlossw
2015-12-29 02:07:19,TylerMills
2015-12-29 07:04:07,huush
2015-12-29 09:45:30,Fumler
2015-12-29 19:36:39,fabzeh
2015-12-30 01:10:17,drglove
2015-12-30 07:42:18,LEDTECHCHGO
2015-12-30 16:12:11,dmarcelino
2015-12-31 03:26:07,hampusn
2016-01-02 20:51:41,DocteurB
2016-01-03 00:08:31,drevil
2016-01-03 17:10:09,beschoenen
2016-01-03 20:20:30,dubazar
2016-01-04 05:20:46,CyberTech
2016-01-04 06:46:50,gregwjacobs
2016-01-04 08:47:50,joshbaptiste
2016-01-04 11:16:41,EddieOne
2016-01-04 22:49:20,devster31
2016-01-05 01:54:49,boina-n
2016-01-05 10:20:41,snpster
2016-01-05 22:19:01,juayhi
2016-01-06 03:51:30,sleepnmojo
2016-01-06 11:31:50,johncolby
2016-01-06 16:39:45,jryberg
2016-01-07 19:34:17,eric-labelle
2016-01-07 21:40:03,firsttris
2016-01-07 21:54:49,zaggash
2016-01-08 15:00:15,Pegasuz
2016-01-08 18:03:12,ericgoedtel
2016-01-08 19:26:51,perfecblue
2016-01-09 07:10:40,crazytoad
2016-01-09 13:17:23,AhmedOsama
2016-01-09 17:00:42,lodoss5
2016-01-10 00:13:51,Mickroz
2016-01-10 05:31:38,thedennyk
2016-01-10 06:07:51,jangrewe
2016-01-10 17:48:36,moxival
2016-01-11 00:33:18,klamouri
2016-01-11 02:15:28,kylliox
2016-01-11 02:25:35,elnino79
2016-01-11 14:23:04,dax
2016-01-11 14:51:29,rob006
2016-01-12 00:43:33,Zelgadis87
2016-01-12 14:28:38,naxiand
2016-01-12 21:20:17,bitfed
2016-01-13 02:55:27,nicolasbettag
2016-01-13 05:31:32,trendless
2016-01-13 08:06:50,b1naryth1ef
2016-01-13 10:48:13,kalbasit
2016-01-13 22:16:18,markve-sa
2016-01-14 01:40:24,ProfChaos
2016-01-14 01:57:08,Waty
2016-01-14 23:41:07,AnatomicFlack
2016-01-15 10:12:22,nikolay
2016-01-16 15:07:12,nledenyi
2016-01-16 21:10:40,jeremyverda
2016-01-17 04:37:46,canonlp
2016-01-17 05:45:49,Ivdbroek85
2016-01-17 12:13:08,Tryum
2016-01-17 17:00:11,BZeldH
2016-01-17 18:58:26,NargiT
2016-01-17 23:50:11,gesquive
2016-01-18 10:38:18,hamiltont
2016-01-18 21:27:11,sirelewop14
2016-01-19 03:36:43,gizzmo
2016-01-19 13:48:39,jvandenbroek
2016-01-19 13:54:54,sunpech
2016-01-19 15:01:28,unabatedshagie
2016-01-19 18:16:41,nebuchar
2016-01-19 18:30:02,hectorj
2016-01-19 19:07:21,Obliusco
2016-01-19 20:26:52,derkens
2016-01-20 06:50:55,Johnito
2016-01-20 08:43:33,Kuannz
2016-01-20 11:07:51,wicksipedia
2016-01-20 12:16:19,5Ub-Z3r0
2016-01-20 12:43:02,mdrymon
2016-01-20 14:08:15,mikulcak
2016-01-20 14:20:50,rleij
2016-01-20 14:28:22,dekekincaid
2016-01-20 14:29:33,CeldorLemielf
2016-01-20 17:09:48,aleaax
2016-01-20 18:56:10,bthusby
2016-01-20 22:25:38,n4txo
2016-01-20 23:45:33,Yoda6
2016-01-20 23:59:36,Ali-Shaikh
2016-01-21 00:10:22,xataz
2016-01-21 03:56:52,canisllup
2016-01-21 06:59:08,Chandu
2016-01-21 07:08:44,Djripper66
2016-01-21 08:38:57,rvnd
2016-01-21 09:25:38,chimpchimp
2016-01-21 13:32:51,darklow
2016-01-21 15:15:03,bibypummi
2016-01-21 21:53:24,jokerboy
2016-01-22 00:14:54,saveyour
2016-01-22 01:13:41,rmaratos
2016-01-22 01:41:52,ramitsurana
2016-01-22 07:05:41,johnnybridges
2016-01-22 12:26:47,exnerd
2016-01-22 12:37:46,ahaleiii
2016-01-22 13:35:05,trick77
2016-01-22 13:59:50,crimsdings
2016-01-22 18:30:12,terah
2016-01-22 19:26:13,ale88sv
2016-01-22 23:24:45,jlk
2016-01-23 01:21:30,AnalogJ
2016-01-23 03:12:05,Rehaell
2016-01-23 10:43:42,max-o
2016-01-23 16:31:14,sebastianrothe
2016-01-23 17:07:26,reinisr
2016-01-23 21:14:37,aruhier
2016-01-23 21:40:16,saveriosalatino
2016-01-23 22:14:58,ZulDemon
2016-01-23 23:11:40,Smb3M
2016-01-23 23:49:52,godkillax
2016-01-24 00:38:36,athen66
2016-01-24 02:39:02,pax85
2016-01-24 02:46:13,pgruetter
2016-01-24 04:56:32,herbi3
2016-01-24 06:34:23,hadim
2016-01-24 06:39:19,Z-masterNZ
2016-01-24 12:08:47,AnatomicJC
2016-01-24 13:23:28,Adarack
2016-01-24 14:40:44,Antioch18
2016-01-24 15:17:28,ripa1993
2016-01-24 16:06:29,zzappazz
2016-01-24 16:06:45,askielboe
2016-01-24 16:28:33,simonkberg
2016-01-24 18:59:45,reyman
2016-01-24 20:45:01,lafabo
2016-01-25 00:07:21,duramato
2016-01-25 01:09:11,jackwilsdon
2016-01-25 03:30:48,Meroje
2016-01-25 03:36:05,jaredkotoff
2016-01-25 03:58:55,tlewis17
2016-01-25 05:36:45,fevoho
2016-01-25 05:52:25,cewoo
2016-01-25 06:15:15,waffag
2016-01-25 07:34:59,Apocrathia
2016-01-25 12:25:32,askpatrickw
2016-01-25 13:15:03,fwoelffel
2016-01-25 15:39:19,flashbackpa
2016-01-25 18:10:22,DasGreff
2016-01-25 18:31:31,detroitpro
2016-01-25 18:42:10,escrivio
2016-01-25 19:14:00,pirogoeth
2016-01-25 20:16:43,tadev
2016-01-25 20:21:29,aviramsegal
2016-01-25 20:50:37,tommycheng
2016-01-26 04:34:38,akashkrishnan
2016-01-26 15:04:36,santosjrm
2016-01-26 20:20:39,soundcha0s
2016-01-26 23:02:13,RamyTalal
2016-01-26 23:51:38,bkees
2016-01-27 02:51:30,qiqetin
2016-01-27 05:10:26,Almazick
2016-01-27 09:00:36,aerickson
2016-01-27 15:17:25,cereyanli
2016-01-27 16:10:04,krzysztofzablocki
2016-01-27 21:01:44,ericbdev
2016-01-27 22:21:27,frytaz
2016-01-28 01:00:24,svara
2016-01-28 02:22:00,pibby
2016-01-28 04:43:08,JohnDzialo
2016-01-28 13:39:12,dapitch666
2016-01-29 09:46:10,tproenca
2016-01-29 12:11:47,tylermichael
2016-01-30 00:27:44,sa7mon
2016-01-30 01:44:55,Toilal
2016-01-30 11:24:24,InsomniacSoftware
2016-01-30 18:00:10,ValCapri
2016-01-30 19:48:27,kascote
2016-01-31 00:07:44,DarkCompiled
2016-01-31 00:24:54,draggy
2016-01-31 01:45:38,simbuy
2016-01-31 04:59:24,shesselink81
2016-01-31 06:56:30,j-white
2016-01-31 09:03:47,arkdelkaos
2016-01-31 10:16:31,Oliver2213
2016-01-31 18:11:53,karlito21
2016-01-31 20:36:21,nplayfair
2016-02-01 19:29:47,Paym0n
2016-02-02 16:04:55,mar080
2016-02-03 01:20:20,renini
2016-02-03 03:05:02,asseiss
2016-02-03 13:33:29,pascalberger
2016-02-03 17:16:56,jgoret
2016-02-03 19:06:05,bwright-86
2016-02-03 23:49:49,bphilippus
2016-02-04 00:07:53,kmr2319
2016-02-04 05:27:50,tgharib
2016-02-04 08:03:57,iguyking
2016-02-04 14:16:09,niafrond
2016-02-05 03:29:21,maliciamrg
2016-02-05 12:53:42,rui-nar
2016-02-05 19:23:41,VAlu92
2016-02-05 19:32:45,FoxBJK
2016-02-06 22:09:35,atout001
2016-02-07 00:48:29,PREngineer
2016-02-08 06:18:24,bradallred
2016-02-08 09:17:34,pgsimpso
2016-02-08 18:57:49,cnaam
2016-02-08 20:20:07,Daankrol
2016-02-09 08:14:04,damianromanowski
2016-02-09 17:43:54,omsub
2016-02-09 21:04:28,oliroe
2016-02-10 05:46:19,daviesgeek
2016-02-10 14:34:03,ryanmaclear
2016-02-11 04:11:27,y0sh1
2016-02-11 08:41:07,neondemon
2016-02-11 12:09:21,tifredfr
2016-02-11 17:40:28,ptheoch
2016-02-12 00:56:40,kaplannn
2016-02-12 16:29:01,phasee
2016-02-12 20:23:06,daviddotcs
2016-02-13 20:53:36,markhallen
2016-02-14 06:13:35,alna7el
2016-02-14 14:49:45,cwerner1
2016-02-14 18:46:15,noam09
2016-02-15 11:16:12,davidtjudd
2016-02-15 19:32:30,justpaul
2016-02-16 00:12:10,rosskopf
2016-02-16 07:55:24,splumbtree
2016-02-17 00:55:03,daschy
2016-02-17 03:37:14,bpgregson
2016-02-17 11:45:10,qtetrode
2016-02-17 21:04:10,pmpds
2016-02-17 21:18:23,swdove
2016-02-18 00:43:01,bhavicp
2016-02-18 02:40:54,YoYoost
2016-02-18 03:17:25,milefork
2016-02-18 09:38:38,pedbarbosa
2016-02-18 10:53:19,arekmano
2016-02-18 18:36:22,ZajferX
2016-02-18 20:49:07,georgethemarmot
2016-02-19 01:45:14,Indigo744
2016-02-19 09:06:25,ither
2016-02-19 18:28:18,alexbenic
2016-02-21 13:42:22,ryansully
2016-02-21 21:19:25,cdurau
2016-02-22 15:28:09,vltmn
2016-02-23 00:29:19,Bonno
2016-02-23 00:51:02,poorsquinky
2016-02-23 04:23:09,Chiggins
2016-02-23 15:21:17,aodtcr
2016-02-24 12:27:57,omatt
2016-02-24 15:33:19,BrooklynMan
2016-02-25 19:56:42,glenviewjeff
2016-02-26 16:30:13,gmoirod
2016-02-26 19:16:42,buluba89
2016-02-27 03:23:23,joshuarosato
2016-02-27 22:54:32,AbhieSpeaks
2016-02-28 03:01:38,RobertGresdal
2016-02-28 05:20:09,dedelastuce
2016-02-28 17:43:37,sdineley
2016-02-29 00:13:25,atrzaska
2016-02-29 02:14:18,ldejager
2016-02-29 21:14:12,robmckrill
2016-03-02 02:18:41,Mearman
2016-03-02 09:57:37,xderor
2016-03-02 12:34:40,akkiles
2016-03-03 06:16:00,Anatharias
2016-03-04 22:17:51,simonsen78
2016-03-07 04:23:46,rubo77
2016-03-07 15:44:12,surrealroad
2016-03-07 16:24:33,prudencioj
2016-03-07 16:32:37,PierrickGT
2016-03-07 16:35:51,kubiq
2016-03-08 03:45:49,pve84
2016-03-09 02:30:29,leviable
2016-03-09 05:15:46,o1crimson1o
2016-03-09 20:46:57,mike5brown
2016-03-09 21:27:39,tom472
2016-03-09 23:27:52,Liryna
2016-03-10 03:37:15,joscross49
2016-03-11 07:08:34,joells101
2016-03-12 20:21:28,giaat
2016-03-13 04:10:02,AaronM04
2016-03-15 14:38:01,tlverwijst
2016-03-15 15:51:03,CanadianMaple67
2016-03-15 20:40:50,zetagor
2016-03-15 21:17:03,rahlzel
2016-03-16 02:39:34,felcerreia
2016-03-16 13:47:22,Horkyze
2016-03-16 16:58:43,stephanepechard
2016-03-17 04:24:11,SamLefebvre
2016-03-17 10:06:43,wildeyes
2016-03-17 14:33:39,medul6
2016-03-17 17:51:50,GregIngelmo
2016-03-17 19:16:05,dagnu46
2016-03-18 10:44:14,emq
2016-03-19 02:11:47,fswings
2016-03-19 04:12:24,caravacavega
2016-03-20 13:23:44,mrbipbip
2016-03-20 20:21:38,ahmadhadidi
2016-03-21 02:40:49,sandeep048
2016-03-21 17:58:02,gonecrazy25
2016-03-21 21:07:13,uisge-beatha
2016-03-21 21:41:49,tlester
2016-03-21 23:48:02,gosku
2016-03-24 06:29:32,zpatten
2016-03-24 13:04:29,dcastro
2016-03-24 22:37:58,Nkawu
2016-03-26 20:01:38,cesarpalma80
2016-03-26 21:00:13,ITJamie
2016-03-27 04:52:10,dax70
2016-03-27 16:10:12,RotaryMinded
2016-03-28 10:30:33,kylejamesross
2016-03-28 14:03:17,lbouriez
2016-03-29 23:44:20,anchoria
2016-03-31 18:33:54,Mynymoys
2016-03-31 19:47:58,XanderStrike
2016-03-31 23:21:03,Rycochet
2016-04-01 15:19:22,MrJohnsson77
2016-04-02 00:28:19,benjaminu
2016-04-02 11:01:39,brege
2016-04-05 02:33:06,skmagiik
2016-04-06 21:00:01,e12e
2016-04-06 22:54:32,IGTHORN
2016-04-06 23:02:24,mrlucas84
2016-04-07 04:30:22,rcdailey
2016-04-07 16:41:32,KanedNUnable
2016-04-10 22:12:27,kominkov
2016-04-11 03:37:05,crow50
2016-04-11 05:30:46,SultanOfSmut
2016-04-12 08:13:26,ayerlock
2016-04-14 08:24:24,SoulEst
2016-04-15 00:24:17,abuisine
2016-04-16 00:57:20,Arzte
2016-04-16 04:52:05,fingersonfire
2016-04-16 13:02:51,Farossco
2016-04-17 08:28:09,guilhermebruzzi
2016-04-17 13:42:15,mrfatmen
2016-04-17 18:02:18,blurb2m
2016-04-18 09:56:13,norberci
2016-04-18 22:28:06,cloudzombie
2016-04-19 00:25:34,ravioli817
2016-04-19 02:38:17,Reiuiji
2016-04-19 23:39:39,hazarkarabay
2016-04-20 00:56:01,Isklar
2016-04-20 02:36:35,yugonian
2016-04-20 03:09:42,magnologan
2016-04-20 17:20:41,rlefeyer
2016-04-20 21:41:48,kevin-ta
2016-04-21 14:02:13,sala91
2016-04-21 20:52:14,beatsforthemind
2016-04-23 02:44:12,mlatorre31
2016-04-23 10:01:03,Vheissu
2016-04-24 15:11:34,POgli
2016-04-24 21:19:12,sklirg
2016-04-25 10:48:28,juange87
2016-04-26 01:32:40,mkody
2016-04-26 10:57:02,markeclaudio
2016-04-27 01:08:50,itaykomemy
2016-04-27 23:28:38,Grrrolf
2016-04-28 00:46:29,fvennetier
2016-04-28 18:25:06,nicholas-ng
2016-04-29 13:49:40,infinitum213
2016-04-30 22:29:21,jamesmacwhite
2016-05-01 16:00:38,qnoox
2016-05-01 19:24:49,diegoramos-BR
2016-05-02 01:18:07,flochntrl
2016-05-02 18:52:46,Likeyn
2016-05-03 14:21:12,ddf89
2016-05-04 02:44:09,timbotron
2016-05-04 11:01:10,mehdroid
2016-05-04 11:23:47,nonedead
2016-05-04 19:16:42,yaryarrr
2016-05-04 21:57:28,aism
2016-05-05 12:37:39,deepwather
2016-05-06 00:27:32,bashyroger
2016-05-06 12:49:33,strafer
2016-05-07 00:07:43,kutuztov
2016-05-08 00:24:22,tchabaud
2016-05-08 01:33:35,bymaximus
2016-05-08 02:37:35,Evildantex
2016-05-08 19:44:18,avinassh
2016-05-08 21:04:35,shubh1m
2016-05-08 21:31:17,manu-chroma
2016-05-08 21:57:39,Elettronik
2016-05-08 22:10:35,deshraj
2016-05-09 02:18:27,vidhan13j07
2016-05-10 08:44:24,frameshift18
2016-05-10 09:21:25,krizzo
2016-05-10 17:03:25,samsttx
2016-05-10 19:42:33,core23
2016-05-11 01:29:40,mcliment
2016-05-11 02:37:12,kougi
2016-05-12 23:17:50,zarkroc
2016-05-13 10:46:28,messala
2016-05-13 15:53:14,Ardakilic
2016-05-14 06:20:55,TestingBytes
2016-05-14 09:40:45,tadeucruz
2016-05-15 00:20:24,psypuff
2016-05-15 06:14:54,hjmuller
2016-05-15 16:45:42,tmieulet
2016-05-15 18:21:24,tamr
2016-05-15 22:28:55,mdnt2mdnt
2016-05-16 23:48:02,aozuma
2016-05-17 00:14:27,leto1210
2016-05-17 18:45:06,sleake
2016-05-18 10:33:19,StevenThuriot
2016-05-20 22:08:28,jrjparks
2016-05-21 02:53:40,jcharrell
2016-05-21 22:28:58,joelcazares
2016-05-24 01:18:36,KevSex
2016-05-24 07:59:05,DRIXXIRD
2016-05-24 21:02:18,davidkeefe24
2016-05-26 03:00:49,dfrankel33
2016-05-26 16:22:12,subsaga
2016-05-26 21:27:35,mathieuc22
2016-05-26 22:09:16,rafaeljesus
2016-05-28 17:25:06,friendofasquid
2016-05-28 19:08:21,slehmann36
2016-05-28 23:59:41,lakrahn
2016-05-29 04:45:35,drod3763
2016-05-29 20:54:30,MisterCyp
2016-05-30 20:24:30,gmoretti
2016-05-31 06:35:00,adampetrovic
2016-06-02 12:02:24,drscream
2016-06-03 00:20:13,slybreiz
2016-06-03 01:15:55,ajankuv
2016-06-03 16:17:28,blackillzone
2016-06-03 21:15:21,boazhachlili
2016-06-04 05:00:07,szymonszydelko
2016-06-06 02:02:26,tenfourty
2016-06-06 05:38:25,lfntn
2016-06-06 06:31:36,njm2112
2016-06-06 09:39:06,mafhper
2016-06-06 12:05:12,Issam2204
2016-06-06 16:28:55,Koynonia
2016-06-06 23:27:29,furio
2016-06-07 04:46:48,quicksylver
2016-06-07 16:57:39,julien-f
2016-06-08 08:27:16,rookawa
2016-06-09 03:17:45,colemoine
2016-06-10 01:20:31,mcactive
2016-06-10 14:11:19,cloneMe
2016-06-14 00:05:27,Zosoworld
2016-06-14 09:47:15,d4n3sh
2016-06-15 11:36:11,Thr3d
2016-06-17 07:24:31,nmock
2016-06-17 07:37:00,AdamSutch
2016-06-17 14:23:47,bagage
2016-06-18 23:40:06,timrijckaert
2016-06-19 15:57:41,dlage
2016-06-22 08:54:57,a1studmuffin
2016-06-22 21:13:27,JavierMarte
2016-06-23 21:09:09,molotovbliss
2016-06-24 01:11:18,markbsigler
2016-06-26 23:32:12,zanettibo
2016-06-29 12:52:39,alexpablo
2016-06-30 17:06:43,vavavr00m
2016-07-01 21:41:45,aidanjt
2016-07-03 22:07:01,seiki
2016-07-04 02:43:14,wesleykirkland
2016-07-04 20:25:03,p0psicles
2016-07-07 00:52:57,j000
2016-07-07 16:01:45,CorentinBontemps
2016-07-08 19:43:29,Pyker
2016-07-12 18:53:12,matthewhochler
2016-07-12 20:05:39,giggio
2016-07-13 16:15:46,thiagodds
2016-07-13 21:25:07,pcuenca
2016-07-13 22:58:32,bastientanesie
2016-07-15 02:19:01,TiagoAlMac
2016-07-15 12:00:22,gavsiu
2016-07-18 14:56:16,butlerx
2016-07-19 11:20:07,Adeiko
2016-07-20 13:44:21,LiverBlow
2016-07-20 22:49:48,m3ki
2016-07-21 14:23:55,Krizzii
2016-07-22 17:36:29,Quentumm
2016-07-23 14:46:25,acaranta
2016-07-23 16:16:04,phantium
2016-07-23 18:13:05,sinedied
2016-07-24 16:33:02,dobestan
2016-07-25 00:02:03,yyolk
2016-07-25 01:47:49,tmcarr
2016-07-25 11:09:21,saru-man
2016-07-26 10:44:24,monosoul
2016-07-27 11:27:26,kgaut
2016-07-28 13:32:23,ArthurGarnier
2016-07-28 19:28:44,oynek
2016-07-28 20:47:34,GlitchGeek
2016-07-30 10:06:22,smclenithan
2016-07-31 23:28:55,martynvandijke
2016-08-01 08:35:23,bjay1404
2016-08-01 15:59:41,ajmalafif
2016-08-01 16:15:11,tmuratore
2016-08-01 19:46:13,ilakast
2016-08-02 18:08:02,sirhopcount
2016-08-03 02:31:54,jesusgoku
2016-08-03 18:47:50,chadallac
2016-08-04 13:43:17,TimVanhamme
2016-08-06 01:54:01,Pendington
2016-08-07 13:03:51,lipho
2016-08-09 20:40:28,skinner12
2016-08-10 00:55:51,ibrunner
2016-08-10 13:45:41,rashamalek
2016-08-10 22:16:04,lightx
2016-08-12 13:41:18,corentingi
2016-08-12 14:12:40,nicecatch
2016-08-13 08:13:03,alyzze
2016-08-13 18:14:57,jjharbich
2016-08-16 16:51:23,rugaard
2016-08-16 23:25:41,onemoz
2016-08-16 23:27:26,digiou
2016-08-18 08:28:20,itsalan
2016-08-18 16:27:31,ante4711
2016-08-18 19:19:57,julien-blanchon
2016-08-19 20:04:11,akselfoley
2016-08-19 20:15:52,lepetitcrack
2016-08-20 02:34:29,thicolares
2016-08-21 05:07:11,Jerzerak
2016-08-21 10:17:19,zeroware
2016-08-21 17:35:07,redlegoman
2016-08-22 01:31:17,dopsy
2016-08-22 05:21:53,tyleremery
2016-08-22 17:21:18,alc0r
2016-08-23 01:05:25,panz3r
2016-08-24 04:33:47,dilruwan7
2016-08-25 08:42:59,therob3000
2016-08-25 12:06:12,gcwillie1981
2016-08-26 02:11:19,Glavin001
2016-08-26 13:02:04,veloxy
2016-08-28 13:17:21,abduld
2016-08-29 06:50:04,adriandeveloper
2016-08-30 18:57:03,chicuadrada
2016-08-31 09:26:57,barrosfelipe
2016-08-31 15:09:27,claudusd
2016-09-01 13:50:53,robinfdx
2016-09-03 20:44:11,leotsem
2016-09-04 19:17:03,jmayalag
2016-09-06 21:03:17,sjrogers
2016-09-07 02:33:02,marcusmonteiro
2016-09-07 21:03:16,mariusgreve
2016-09-07 22:28:15,maxddev
2016-09-09 02:48:21,ringerl
2016-09-09 05:15:23,tobytteh
2016-09-09 19:47:20,totev
2016-09-10 00:26:16,pegazureuil
2016-09-10 16:22:32,ahsan112
2016-09-11 09:09:54,lgvalle
2016-09-13 01:19:33,dgirgenti
2016-09-14 22:59:43,gaspode-wd
2016-09-15 00:02:53,cooldriver
2016-09-15 20:49:27,blitzvergnugen
2016-09-16 02:32:06,hash-bang
2016-09-18 19:29:33,apowell656
2016-09-20 08:25:22,JesterEE
2016-09-21 13:03:36,dmgm
2016-09-21 13:17:17,Kriskras99
2016-09-21 16:15:08,KokaKiwi
2016-09-21 20:41:18,nmontfort
2016-09-24 08:15:10,MechEng70
2016-09-24 20:48:02,AppleMat
2016-09-25 14:26:52,YacineF
2016-09-29 08:41:09,LeeThompson
2016-09-29 09:16:50,narapon
2016-09-29 12:44:02,Moredread
2016-10-02 00:07:08,ktsaou
2016-10-02 17:14:11,skjnldsv
2016-10-02 23:50:27,diffway
2016-10-03 08:17:43,manbearwiz
2016-10-04 21:15:42,samcre
2016-10-07 23:09:29,Thom-x
2016-10-08 14:31:37,glitched2000
2016-10-09 02:27:10,darahak
2016-10-10 21:15:53,hkna666
2016-10-10 23:01:18,egomesbrandao
2016-10-12 08:39:15,vatanparvar
2016-10-12 18:28:57,bradclare
2016-10-12 19:40:54,ChonLee
2016-10-14 23:12:28,cmvelo
2016-10-16 16:07:44,asosso
2016-10-16 17:11:07,backbord
2016-10-16 23:25:07,warrendt
2016-10-18 11:48:08,jfulton3
2016-10-18 14:04:06,B0116
2016-10-18 20:45:48,Fourdee
2016-10-19 01:16:56,rjkowalewski
2016-10-21 19:41:46,JulioPolo
2016-10-22 02:41:57,coolkips
2016-10-22 17:16:48,nokaah
2016-10-23 20:46:21,ashchristopher
2016-10-25 15:24:02,pposthoorn
2016-10-26 04:23:24,leotm
2016-10-27 14:43:40,herrcykel
2016-10-27 18:08:17,vmcosco
2016-10-27 20:01:32,colstrom
2016-11-01 13:21:25,piko
2016-11-02 14:19:06,Beguiled
2016-11-03 02:59:55,mgdigital
2016-11-05 19:23:33,Eakster
2016-11-06 04:12:01,albttx
2016-11-06 23:42:21,cgons
2016-11-07 00:40:52,Qub1
2016-11-07 01:47:36,nomaro
2016-11-08 08:47:35,flrent
2016-11-08 16:01:22,stathissideris
2016-11-08 18:32:29,bjornhamra
2016-11-09 00:17:53,dsaiztc
2016-11-09 17:21:33,blakegong
2016-11-10 20:03:46,fazo96
2016-11-12 01:10:03,maqwqa
2016-11-13 03:52:00,robinfritze
2016-11-13 17:15:14,janniks
2016-11-14 01:05:05,na-ji
2016-11-14 16:44:50,danuhr
2016-11-14 17:26:40,hbs1313
2016-11-14 18:44:09,bbezanson
2016-11-14 21:19:14,cameronehrlich
2016-11-14 23:49:34,lantz69
2016-11-16 00:45:38,bjartesola
2016-11-16 14:34:51,guglio
2016-11-19 06:56:26,AntiFish03
2016-11-20 16:01:29,Arci
2016-11-21 14:10:48,mtache
2016-11-23 04:54:59,Troubadoure
2016-11-24 05:18:26,guisapol
2016-11-24 23:19:49,neilicious
2016-11-25 16:11:15,ffgiraldez
2016-11-25 16:19:01,alorma
2016-11-29 16:17:05,madhuakula
2016-11-30 16:26:17,siwyd
2016-11-30 16:44:20,arthurdouillard
2016-12-01 00:27:48,EdTheBearded
2016-12-01 23:59:17,xlucas
2016-12-02 13:57:21,w3st3ry
2016-12-04 02:11:53,githubusernameisalreadytaken
2016-12-04 06:20:06,gaza3g
2016-12-04 22:54:49,basdegroot
2016-12-05 01:12:46,demeyersa
2016-12-05 01:58:12,goldenson
2016-12-05 16:44:20,bidulle95
2016-12-05 22:23:40,pjoulot
2016-12-06 18:33:43,BernardJeremy
2016-12-06 19:11:47,sarkeur
2016-12-09 05:57:53,Fuzion24
2016-12-10 00:08:24,seberm
2016-12-11 23:35:23,SalGnt
2016-12-12 20:18:42,maltejk
2016-12-15 00:17:38,IngoVals
2016-12-15 04:44:42,makanikai
2016-12-16 02:50:28,pdufault
2016-12-16 08:08:30,jmelowry
2016-12-16 10:54:31,danielb2
2016-12-17 15:03:27,Manu512
2016-12-18 10:01:30,sairuk
2016-12-18 11:45:00,amjd
2016-12-18 19:56:42,panna-ahmed
2016-12-20 03:22:01,djeebus
2016-12-20 22:56:25,Eksrow
2016-12-21 02:09:01,azN2
2016-12-23 00:42:10,Hypnoiku
2016-12-23 08:56:17,reecewebb
2016-12-23 22:20:12,Weggy
2016-12-24 04:25:08,danielfullmer
2016-12-25 21:16:57,brunoamaral
2016-12-25 21:36:51,menghan
2016-12-26 19:37:48,iambenzo
2016-12-26 22:48:30,evilegg
2016-12-27 15:19:24,Harrison-Ly
2016-12-28 02:40:43,batamire
2016-12-29 01:26:46,deusxanime
2016-12-29 16:02:44,sriocreux
2016-12-29 21:14:28,CSmartt
2016-12-30 17:34:08,irobin591
2016-12-30 20:43:25,wizzro
2016-12-30 23:32:29,ManOrMonster
2016-12-31 05:19:02,NSV
2016-12-31 05:37:48,lattedesu
2016-12-31 20:58:17,mmattioli
2016-12-31 23:34:02,ravirahulj
2017-01-03 22:23:20,mstralenya
2017-01-04 07:06:50,sarog
2017-01-05 10:57:17,zanesc
2017-01-05 22:41:10,jackkiej
2017-01-07 01:08:05,mike182uk
2017-01-10 23:25:51,tanelpuhu
2017-01-11 00:37:22,Lulu300
2017-01-11 00:49:12,IDerr
2017-01-11 01:15:31,Jean-Mercier
2017-01-11 02:27:03,JakeHedman
2017-01-11 14:57:10,DanKans
2017-01-12 12:57:19,michael-gracy
2017-01-12 20:33:33,cheesyGit
2017-01-13 01:57:29,nffdiogosilva
2017-01-13 05:46:03,aarinsmith
2017-01-13 13:54:59,CoSNaYe
2017-01-13 21:47:20,HazMatt69
2017-01-14 14:04:53,bitspill
2017-01-15 13:01:16,michaelarlt
2017-01-16 12:33:46,spil-rwerschkull
2017-01-16 22:40:04,Hayanno
2017-01-17 21:27:11,Soebedar
2017-01-18 10:06:20,imwower
2017-01-19 17:02:07,albaldi
2017-01-19 22:44:03,Ombouwleusden
2017-01-23 01:36:26,Fish2
2017-01-23 10:34:13,unkndono
2017-01-24 23:43:28,andrepedroso
2017-01-25 05:49:32,brbsix
2017-01-25 10:44:40,zakphi
2017-01-26 23:03:09,Stoppels
2017-01-28 16:31:42,davewongillies
2017-01-28 19:48:35,kar1
2017-01-28 20:50:27,TimothePearce
2017-01-29 01:20:03,bensoer
2017-01-29 03:54:19,maomihz
2017-01-29 13:47:42,lugipfupf
2017-01-29 14:05:10,Cap-n-Proud
2017-01-29 21:52:44,hugoduraes
2017-01-30 01:36:31,francesquini
2017-01-30 13:08:30,r2mi63
2017-01-31 01:08:50,MrZen88
2017-01-31 16:49:58,connorw600
2017-02-03 05:43:33,ludalex
2017-02-03 20:51:48,jonhermansen
2017-02-04 01:33:49,Klappitec
2017-02-04 17:45:11,litris
2017-02-05 02:40:08,AlexMihe
2017-02-05 05:47:22,ZenitK
2017-02-07 03:21:52,kyrannian
2017-02-08 07:42:47,slacksec
2017-02-08 20:12:35,ckurdziel
2017-02-08 23:38:24,ikriz
2017-02-09 15:59:01,kristjan72
2017-02-10 06:13:22,vsingh27
2017-02-10 11:39:26,scastile
2017-02-14 02:56:42,Igglybuff
2017-02-14 20:45:11,DutchEngineer
2017-02-14 21:51:05,spieiga
2017-02-15 01:53:52,nicolaspte1998
2017-02-15 20:30:46,dexhain
2017-02-17 07:48:03,tazboyz16
2017-02-19 01:32:43,aadfPT
2017-02-19 11:14:33,szabobalazs
2017-02-19 21:46:10,royduin
2017-02-20 05:34:14,byinarie
2017-02-20 09:10:43,duey
2017-02-20 18:35:04,NickMolloy
2017-02-21 17:58:18,DeadpoolPancakes
2017-02-22 00:12:16,elneruda
2017-02-22 03:32:33,ymorocutti
2017-02-23 03:50:44,xesina
2017-02-23 22:45:30,b0bje
2017-02-25 10:28:44,jmazur
2017-02-25 21:02:35,TheLastZombie
2017-02-26 01:01:24,filip-van-hoeckel
2017-02-26 06:03:22,bashcat
2017-02-26 12:24:31,si458
2017-02-27 01:14:56,untitledlives
2017-02-27 01:48:09,Najihel
2017-02-27 01:50:38,sfnetwork
2017-02-28 03:32:21,morris-frank
2017-03-01 02:37:08,silverstorm
2017-03-01 05:45:41,mzac
2017-03-01 11:59:32,shashi007
2017-03-01 21:09:48,JesusTheHun
2017-03-02 02:47:40,wazabees
2017-03-02 21:35:46,STLawson
2017-03-02 23:46:59,chamalo90
2017-03-03 06:30:34,grensjo
2017-03-03 23:07:36,flyingdan
2017-03-04 18:16:33,qdequippe
2017-03-06 09:29:34,koreyshirey
2017-03-06 11:46:05,kfpersson
2017-03-06 20:42:22,wranders
2017-03-08 03:37:09,dylanfliss
2017-03-10 02:21:36,mbharanya
2017-03-10 05:05:23,silsha
2017-03-10 10:14:07,sysbot
2017-03-11 08:30:23,campbellr
2017-03-11 13:41:28,Okhoshi
2017-03-11 15:48:07,helgejo
2017-03-11 20:09:58,Antonhansel
2017-03-15 23:36:14,Nuky
2017-03-19 22:44:45,c-rhodes
2017-03-20 02:20:16,tschwebke
2017-03-20 08:15:37,andrewpurkett
2017-03-20 21:58:15,diogoguimaraes
2017-03-23 15:01:58,Markus978
2017-03-24 01:05:57,alexsilva
2017-03-25 15:54:06,k0ssi
2017-03-25 23:30:48,r0wa1n
2017-03-26 07:36:43,Wreinn
2017-03-26 11:39:48,moosedookie
2017-03-27 09:48:09,SecureCloud-biz
2017-03-28 13:31:15,roadt
2017-03-30 00:36:12,abuzhynsky
2017-03-30 23:56:53,genestealer
2017-03-31 04:25:04,CampinCarl
2017-03-31 09:01:01,phiberoptick
2017-03-31 18:59:40,trentbraidner
2017-03-31 19:14:10,vitr
2017-04-01 00:38:17,ricardojsmarques
2017-04-01 10:39:46,Sevyx
2017-04-02 11:59:17,andrizmitnick
2017-04-02 16:14:35,sxander
2017-04-05 16:16:57,vincenta
2017-04-05 18:07:20,samara8609
2017-04-06 12:25:55,szakitom
2017-04-07 11:34:42,BartoX360
2017-04-07 22:51:01,ThatDeveloper
2017-04-08 05:55:15,jnferner
2017-04-10 06:34:02,channouze
2017-04-10 17:46:14,sheedy
2017-04-12 06:07:14,samjaninf
2017-04-12 07:53:03,pish180
2017-04-12 10:22:07,azimut
2017-04-12 20:38:05,AlvinAntony123
2017-04-12 22:10:09,binkocd
2017-04-13 06:39:28,felipemeamaral
2017-04-13 12:26:53,MethaDB
2017-04-13 17:39:32,jevenski
2017-04-16 14:16:26,101111
2017-04-19 06:45:35,IanYates
2017-04-19 19:25:30,flyescke
2017-04-19 22:36:04,nwereszczak
2017-04-21 23:22:27,uNmasK95
2017-04-22 20:52:59,kaceo
2017-04-22 23:44:24,efpe
2017-04-23 00:58:42,freythman
2017-04-23 15:39:42,AlexxNica
2017-04-24 05:17:24,Raymoz101
2017-04-26 06:32:29,hackerjack42
2017-04-26 09:51:33,codyphobe
2017-04-26 22:02:44,Jens84
2017-04-27 12:43:12,cdsim
2017-04-27 23:43:26,rubimpassos
2017-04-30 21:08:02,esaiz
2017-05-01 04:54:10,mr-wildcard
2017-05-02 11:41:00,jetflicks
2017-05-02 21:45:26,gotttlieb
2017-05-02 22:34:17,ofabry
2017-05-04 08:10:46,hoangtx
2017-05-05 00:14:49,orenre
2017-05-05 01:40:39,Sinan81
2017-05-06 05:49:53,jmz-b
2017-05-07 04:22:20,Semmu
2017-05-08 12:09:55,themattkellyshow
2017-05-08 18:24:45,rzeender
2017-05-09 20:45:38,ibatullin
2017-05-10 09:16:40,erikbaarstad
2017-05-12 10:38:14,xiaoping0x
2017-05-14 19:57:00,Expire0
2017-05-15 07:29:11,BubbatheVTOG
2017-05-15 07:52:40,uncleSoWise
2017-05-16 01:05:04,cyrilmarois
2017-05-20 04:07:38,bnguyenx
2017-05-20 06:25:21,Frondall
2017-05-21 00:59:49,OneCDOnly
2017-05-21 01:17:13,ProbablePrime
2017-05-21 21:53:58,rubengargar
2017-05-22 18:01:56,telskamp
2017-05-26 00:54:30,gsolic
2017-05-27 00:17:28,diogouchoas
2017-05-27 17:30:05,njbarrett
2017-05-27 19:43:06,danburkhol
2017-05-27 19:50:46,zaraki673
2017-05-28 07:31:28,srsgores
2017-05-30 10:42:08,pleaseproject
2017-05-30 20:15:52,Antoine02
2017-05-31 02:55:48,sniperwolf
2017-06-01 13:14:25,KayvanMazaheri
2017-06-01 17:55:08,GabrielFavot
2017-06-01 20:59:53,jsimpson
2017-06-01 21:10:33,Shevraar
2017-06-02 13:33:21,saurabheights
2017-06-03 17:11:49,NicolasBRERO
2017-06-04 03:24:50,ttrushin
2017-06-05 22:26:48,kentromox
2017-06-06 09:10:48,superphly
2017-06-07 19:01:42,dh-2
2017-06-07 22:56:43,calvinm
2017-06-08 10:50:07,lxnyce
2017-06-08 18:36:29,burzka
2017-06-10 22:26:21,unbalancedparentheses
2017-06-15 18:53:53,Kvothe1970
2017-06-16 00:05:20,aofner
2017-06-16 22:05:35,gabbe222
2017-06-17 00:01:31,deadcoder0904
2017-06-17 00:52:51,KuriGoku
2017-06-18 16:42:26,aolieman
2017-06-18 23:32:52,maxpowis
2017-06-19 12:09:47,mitchmyburgh
2017-06-21 05:34:07,luginbash
2017-06-22 03:31:23,oceloti
2017-06-22 11:35:09,mohammadali-bacha
2017-06-25 00:36:13,Velociraptor85
2017-06-27 09:41:29,javieitez
2017-06-27 18:40:42,tyx
2017-06-27 19:12:03,becausewat
2017-06-30 01:21:26,jeffkolez
2017-07-06 22:08:55,Bartimoot
2017-07-06 23:01:35,ninioperdido
2017-07-08 06:22:45,chetan
2017-07-12 08:59:36,islanddog
2017-07-13 07:35:04,jacroe
2017-07-13 23:53:43,snobalfyte
2017-07-15 00:15:00,masonc15
2017-07-15 08:04:28,nuin
2017-07-16 14:31:23,ahars
2017-07-18 11:53:09,CyrisXD
2017-07-18 14:15:39,mammuth
2017-07-18 17:38:48,erenard
2017-07-18 21:36:36,lucasboulouys
2017-07-19 12:22:12,zllak
2017-07-19 15:23:31,guigui2002
2017-08-06 00:15:37,CJ7SHADOW
2017-08-06 00:43:33,toongijbels
2017-08-06 00:59:57,jaypjay
2017-08-06 02:34:03,rivy
2017-08-06 14:02:25,frebib
2017-08-06 17:19:34,nsavor
2017-08-06 21:57:31,phathak
2017-08-07 11:55:36,Rwanou88
2017-08-07 21:13:36,lejudoka13
2017-08-08 14:41:01,jrc27
2017-08-09 20:45:24,darghorn
2017-08-10 16:38:42,henriqueribeiro
2017-08-10 18:02:25,Omertron
2017-08-11 00:21:49,aureliens13
2017-08-11 02:19:09,Progdrasil
2017-08-11 06:41:42,knoxcu
2017-08-11 12:38:56,billerr
2017-08-11 16:12:13,slundi
2017-08-13 18:37:10,muresan
2017-08-14 11:13:35,bdaniel7
2017-08-17 03:28:43,GTB3NW
2017-08-18 11:10:43,hackur
2017-08-19 08:13:23,lukejw
2017-08-21 05:41:04,Bobzikwick
2017-08-21 16:33:32,Raph22
2017-08-21 17:46:58,kobemtl
2017-08-21 22:42:56,au5ton
2017-08-21 23:12:51,pokyto
2017-08-22 13:47:31,ageorgios
2017-08-22 16:17:27,maleadt
2017-08-22 18:27:41,benhouf
2017-08-23 01:34:35,Erdk2
2017-08-24 15:55:34,y-bailly
2017-08-24 21:16:54,DandyDev
2017-08-25 12:43:39,duststorm
2017-08-26 05:11:16,banananananana
2017-08-31 00:03:53,tcellerier
2017-09-02 22:23:06,t-neumann
2017-09-02 22:26:54,chdezmar
2017-09-02 23:05:52,thedoum
2017-09-03 05:38:33,exmetzger
2017-09-03 14:44:40,scriptzteam
2017-09-03 22:55:37,abreksa4
2017-09-05 03:22:49,dieselVtwin
2017-09-05 18:46:10,chadclan
2017-09-06 15:03:20,fvieillard
2017-09-06 20:13:00,int3nz0r
2017-09-06 22:55:31,BeshoyLouka
2017-09-09 20:01:00,mspearey
2017-09-10 22:15:52,bbichero
2017-09-12 00:37:04,llacb47
2017-09-12 17:48:21,xf1
2017-09-15 16:01:50,waltermaldonado
2017-09-15 16:58:14,kinetys
2017-09-16 00:54:19,mdzhang
2017-09-17 09:11:53,yemper
2017-09-18 10:13:24,ramj9
2017-09-19 16:10:41,TurnrDev
2017-09-25 00:53:08,mzeyrek
2017-09-25 06:58:28,suprawsmninja
2017-09-26 16:02:50,mvivaldi
2017-09-30 17:16:25,lediabolo
2017-10-01 10:30:53,karanrajpal14
2017-10-02 01:18:02,comburo
2017-10-04 04:57:31,bitlater11
2017-10-04 14:49:40,the-nerdery-dot-info
2017-10-07 00:00:10,invik
2017-10-07 06:03:05,ShashankaNataraj
2017-10-08 08:53:30,Switcher05
2017-10-09 03:18:31,DDBURD
2017-10-09 20:27:59,anudeepND
2017-10-09 20:53:46,stephane-archer
2017-10-10 14:42:27,KrizzyB
2017-10-11 09:10:40,CrossEyeORG
2017-10-12 21:00:13,alzbookstore
2017-10-13 23:35:56,Zuescho
2017-10-14 19:15:16,tb0hdan
2017-10-15 03:43:26,fgracia
2017-10-16 19:37:03,negativewoman
2017-10-17 13:49:26,pr0d1r2
2017-10-19 13:55:08,PastaGringo
2017-10-19 15:59:25,AdrianoCahete
2017-10-20 17:02:13,ironbishop
2017-10-24 12:20:26,marcobiedermann
2017-10-25 09:58:19,PxReaz
2017-11-04 15:49:13,francis-io
2017-11-04 18:49:09,DevWantJustHaveFun
2017-11-05 12:42:29,klaatus
2017-11-05 18:01:52,davedorm
2017-11-07 04:15:05,filipposacchini
2017-11-07 10:17:33,Nutjob
2017-11-08 07:35:52,quantumdark
2017-11-08 15:44:54,ferboiar
2017-11-09 17:38:34,dausruddin
2017-11-11 14:29:25,tomvanveen
2017-11-11 17:41:55,schinsue
2017-11-13 02:16:15,zamanisaja
2017-11-13 23:13:51,bpetrikovics
2017-11-14 23:15:35,amalpavithran
2017-11-15 17:14:28,denar90
2017-11-17 16:26:25,pminnebach
2017-11-19 21:35:53,neenjapt
2017-11-22 18:12:20,serkanuto
2017-11-24 16:57:26,HLFH
2017-11-25 15:49:26,papampi
2017-11-26 13:00:28,TommyE123
2017-11-29 15:05:55,craxrev
2017-11-29 18:57:58,Rod31
2017-11-30 01:15:46,TiagoHA
2017-11-30 07:52:53,ryanjemerson
2017-12-01 18:15:46,nicof79
2017-12-03 02:32:45,theodesp
2017-12-03 06:12:09,CalcMan
2017-12-03 21:06:55,Crush33
2017-12-05 16:55:39,rosencreuz
2017-12-05 22:48:56,tmccnnll
2017-12-11 04:57:25,Rockman18
2017-12-15 19:44:24,vicclin
2017-12-17 08:28:56,elrock
2017-12-17 20:04:59,TheQwertiest
2017-12-18 07:51:32,santoshgistto
2017-12-18 17:15:04,tribet84
2017-12-19 09:09:31,abusalman
2017-12-20 02:35:11,drmcinnes
2017-12-24 04:27:05,NightyLive
2017-12-25 09:51:57,marcus-crane
2017-12-26 03:39:52,kevincaradant
2017-12-26 04:23:45,osakanwolf
2017-12-26 20:37:34,GitTheGreek
2017-12-28 00:24:29,grandboricua
2017-12-28 01:39:01,evenwebb
2017-12-28 22:10:57,mdchambers
2017-12-30 09:52:30,charliecryder
2017-12-31 00:32:21,fxxer
2018-01-03 23:49:24,aakvik
2018-01-05 01:26:18,mamoit
2018-01-05 01:58:32,E3V3A
2018-01-06 01:34:20,hbuyse
2018-01-07 17:00:23,Sn0wCooder
2018-01-10 00:42:14,bakka5
2018-01-10 06:04:35,royputters
2018-01-10 07:11:57,nestorwheelock
2018-01-15 02:19:18,GabrielDuarteM
2018-01-15 08:20:35,liu3xing3long
2018-01-15 21:31:47,Krusen
2018-01-15 23:29:51,rgl
2018-01-21 18:17:57,joakimlemb
2018-01-22 02:12:34,bsvobodny
2018-01-22 19:12:27,merlex
2018-01-26 02:57:05,fabrice404
2018-01-27 01:40:10,c8b
2018-01-27 10:21:43,scottrogers
2018-01-28 10:06:02,bglover
2018-01-28 16:43:15,bitzorro
2018-01-29 05:14:44,doscas
2018-01-30 14:09:50,Hispar
2018-01-30 20:00:58,chalkprison
2018-01-31 18:06:00,EricDupertuis
2018-01-31 20:53:36,apollocreed
2018-02-03 23:37:40,Kiailandi
2018-02-05 23:39:34,h1nk
2018-02-05 23:58:40,doreybenjamin
2018-02-06 11:35:30,entropyisgettinghigher
2018-02-06 23:39:40,Appelman
2018-02-08 23:39:38,djvdorp
2018-02-11 16:52:25,lance36
2018-02-11 18:57:23,lgmim
2018-02-16 02:43:40,ChristianSch
2018-02-17 14:00:31,selftaught
2018-02-19 13:50:02,choongyouqi
2018-02-24 03:34:52,clintonbale
2018-02-25 05:18:54,Hougo13
2018-02-25 07:25:13,DIESLTEK710
2018-02-25 08:32:06,dyhpoon
2018-02-25 17:09:21,novcod
2018-02-26 01:23:55,awsation
2018-03-01 00:44:27,PedroXmas
2018-03-03 04:30:46,P4BL0Q
2018-03-04 18:22:08,vithalreddy
2018-03-06 22:59:07,fbsbittencourt
2018-03-07 21:50:27,keno1964
2018-03-09 19:44:22,lodestone
2018-03-09 22:44:04,cedvan
2018-03-11 08:16:04,msc0953
2018-03-11 23:24:34,lincolnaleixo
2018-03-14 00:07:04,ForgottenBeast
2018-03-14 05:35:15,xicopitz
2018-03-15 06:24:14,YipYup
2018-03-16 18:40:14,enormouspoon
2018-03-17 12:25:15,FGOD1983
2018-03-18 04:26:53,Romaixn
2018-03-18 15:57:24,daxingplay
2018-03-19 03:34:11,zherrin85
2018-03-20 04:13:16,GnuBourne
2018-03-20 14:26:55,KassaliHamza
2018-03-20 16:46:17,kc82394
2018-03-20 17:52:22,JoshuaArus
2018-03-20 22:39:48,R41D3N0101
2018-03-23 05:06:59,hbouhadji
2018-03-26 19:54:39,wellington1993
2018-03-26 21:52:57,ChrisLane
2018-03-30 01:33:17,monlouisj
2018-03-30 07:13:29,kaashin
2018-03-30 14:28:04,canering
2018-03-30 14:34:02,vmbatlle
2018-03-31 14:00:29,ZeroPain
2018-04-02 23:52:14,JonasRoux
2018-04-03 23:01:51,angeloschat
2018-04-04 14:40:44,pluzun
2018-04-11 19:49:21,Wheaties466
2018-04-12 19:05:51,ssolidus
2018-04-13 03:09:33,ZWx4
2018-04-17 11:30:42,engelju
2018-04-17 22:00:23,cewood
2018-04-18 06:56:23,zeekay
2018-04-20 20:38:49,shane34
2018-04-22 12:36:44,zbigniewzolnierowicz
2018-04-23 04:29:03,zenatuz
2018-04-26 15:09:17,jzapater
2018-04-29 22:37:26,NexZhu
2018-04-30 20:07:22,badbouille
2018-05-01 23:55:55,casvannoort
2018-05-08 02:00:49,justYP
2018-05-09 07:28:31,CurtC2
2018-05-09 15:15:21,Logxar
2018-05-10 03:45:25,AlOliveira88
2018-05-12 13:54:23,jlejeune
2018-05-13 15:27:38,FletcherGallop
2018-05-13 16:13:40,HugoPoi
2018-05-15 03:08:51,thoroc
2018-05-16 10:15:18,mlix11
2018-05-18 18:43:48,oglopss
2018-05-18 21:04:19,alexpulver
2018-05-18 22:21:43,danesteve
2018-05-24 01:43:46,kyuuk
2018-05-28 05:52:58,smaksimus
2018-05-28 21:33:53,fanboyfanboy
2018-06-01 17:54:11,lasizoillo
2018-06-03 09:32:12,JohnStuartRutledge
2018-06-04 15:11:57,lcombelet
2018-06-06 15:15:44,dawsonfi
2018-06-06 17:57:27,ProtocolNebula
2018-06-07 00:02:05,franquis
2018-06-08 04:24:17,adrianolisboa
2018-06-09 20:17:35,ogg1e
2018-06-11 13:17:51,G4Zz0L1
2018-06-11 15:43:00,Gendefekt
2018-06-11 19:39:26,cameronswinoga
2018-06-11 22:46:14,jiraiya972
2018-06-16 10:08:01,RiusGrimm
2018-06-20 23:02:48,cico971
2018-06-22 03:50:56,githubhermit
2018-06-22 09:11:08,wooksong
2018-06-26 02:01:14,genseric
2018-06-26 03:34:32,quadric00
2018-06-26 04:12:41,rcrosado
2018-06-26 17:12:19,xofswaggins
2018-06-26 17:41:08,DmitrySandalov
2018-06-27 15:36:09,bautrey37
2018-06-27 17:23:42,Jackneill
2018-06-28 09:54:16,francishero
2018-06-28 10:51:34,lpk41
2018-07-02 12:45:10,b789
2018-07-03 11:00:02,emres
2018-07-03 23:10:12,danielplont
2018-07-06 00:26:10,tehlurk
2018-07-07 07:30:05,v4ires
2018-07-08 23:16:31,victorvfx
2018-07-09 11:42:14,sammcj
2018-07-11 01:27:10,SkYNewZ
2018-07-11 10:34:21,tprrt
2018-07-11 13:48:15,dmcosta
2018-07-11 14:49:58,wolf9s
2018-07-13 19:00:23,Andrefei
2018-07-15 07:13:01,TheTomCanuck
2018-07-20 02:12:42,jxjhheric
2018-07-22 21:50:19,hbd
2018-07-23 20:39:51,jankcat
2018-07-24 16:16:12,Brace95
2018-07-24 20:15:01,mreis1
2018-07-25 03:48:14,archf
2018-07-26 15:38:44,Flangvik
2018-07-26 19:02:09,degan
2018-07-28 22:22:06,lgrn
2018-07-31 08:37:03,johman
2018-08-03 23:41:03,realgeek
2018-08-05 18:47:17,yinzhigang
2018-08-06 13:45:25,nanpuhaha
2018-08-07 16:58:39,matzZz
2018-08-08 18:22:56,brennebeck
2018-08-09 19:25:27,keithbarrett
2018-08-13 22:38:18,cirfis
2018-08-14 12:07:39,nafanz
2018-08-15 00:43:05,ArtQueenGraphics
2018-08-15 05:18:58,eduardobobsin
2018-08-17 09:05:13,Zabalba
2018-08-17 23:01:22,mizbit
2018-08-18 14:57:35,khaledsabry97
2018-08-19 10:23:57,Eisa01
2018-08-19 22:42:27,nstiller
2018-08-20 12:57:24,pharbod
2018-08-21 22:09:23,vladalive
2018-08-25 06:14:28,thinkbox
2018-08-28 01:26:24,namuit
2018-08-29 08:09:10,netflixandbill
2018-08-30 23:19:44,ULTRA18
2018-09-06 03:26:05,DireKangaroo
2018-09-06 15:17:57,Enz0jacco
2018-09-06 21:46:19,djismgaming
2018-09-06 22:33:57,MattCurryCom
2018-09-07 01:11:51,sterfield
2018-09-11 08:24:17,florido
2018-09-14 10:42:42,hc0d3r
2018-09-14 20:51:05,0stranenie
2018-09-17 14:32:25,mvitale1989
2018-09-22 17:58:43,mjlescano
2018-09-24 06:48:22,nevets323
2018-09-26 04:21:25,UpsideDownRide
2018-09-28 07:00:08,sabatlisbon
2018-10-01 02:16:32,CAVACO-PT
2018-10-04 00:38:10,alexanderwink
2018-10-08 16:19:29,Laim
2018-10-09 10:29:27,CM707
2018-10-09 20:32:24,jjamez
2018-10-10 05:52:23,OmgImAlexis
2018-10-10 14:14:19,LennyM8472
2018-10-10 16:40:22,belinux
2018-10-10 19:21:40,SirYaro
2018-10-10 19:48:34,marvinpinto
2018-10-10 21:00:00,LucasAdam
2018-10-11 01:53:42,Djuuu
2018-10-11 05:34:06,SteveW25561
2018-10-11 11:23:40,ricardonadao
2018-10-11 13:36:04,HotBlack77
2018-10-11 14:48:07,mpskeeter
2018-10-11 22:13:06,GamerGun
2018-10-12 00:36:07,metzzarn
2018-10-13 00:18:56,Admin9705
2018-10-13 20:53:57,eNeRGy164
2018-10-14 01:21:24,skillfr
2018-10-14 05:02:19,rui-castro
2018-10-14 15:57:20,fyormat
2018-10-14 21:58:53,Amadeus-
2018-10-14 22:21:35,quickdry
2018-10-14 22:39:16,juffmeister
2018-10-15 00:40:20,PolluxAndCastor
2018-10-15 01:20:37,7im7he3nchanter
2018-10-15 01:48:44,jamiew
2018-10-15 04:47:42,prophead67
2018-10-15 09:24:58,RoastGeek
2018-10-15 13:32:28,lagaisse
2018-10-15 18:13:25,oamilkar
2018-10-15 18:43:21,km22
2018-10-16 03:51:21,RedwingNZ
2018-10-16 13:03:59,IoTmessenger
2018-10-16 14:17:24,kimpenhaus
2018-10-17 00:06:28,MarcoPires
2018-10-17 20:14:27,dan0xii
2018-10-17 23:33:25,tonyandrys
2018-10-18 07:19:14,matijaboban
2018-10-18 10:36:37,egrueda
2018-10-19 12:55:29,histrio
2018-10-19 15:49:42,carlos22
2018-10-19 18:46:11,lemba23
2018-10-20 14:47:55,DravenSA
2018-10-20 17:22:18,marcus-sa
2018-10-21 19:20:30,StevenNexus
2018-10-22 19:03:46,neontoaster
2018-10-23 04:02:49,atombender
2018-10-24 01:17:04,Pakbon
2018-10-26 03:17:01,marcpret
2018-10-26 09:10:53,nightmonkey
2018-10-27 09:04:14,xlogik
2018-10-27 15:22:20,vBm
2018-10-27 19:29:52,fjcpaschoal
2018-10-28 00:43:53,cosmo0
2018-10-28 05:30:29,sha1
2018-10-28 14:52:22,jeffdaly1975
2018-10-28 22:09:44,nmaupu
2018-10-28 22:34:41,tebanpb
2018-10-29 02:30:10,fgibaux
2018-10-29 03:42:55,PalidMist
2018-10-29 06:37:30,asmodeo
2018-10-30 04:28:16,mjwhitta
2018-10-30 18:15:37,gabooh
2018-10-31 09:53:45,dufferzafar
2018-10-31 12:36:24,aviaryan
2018-10-31 12:39:00,dibyasonu
2018-10-31 13:41:24,Pwnulatr
2018-10-31 13:47:49,sigmapie8
2018-10-31 13:50:22,SubhrajitPrusty
2018-10-31 19:58:31,alazyfool
2018-11-01 10:39:48,userabuser
2018-11-01 15:29:16,yogeshAgarwal
2018-11-01 21:17:32,mzfr
2018-11-01 21:43:56,sparunakian
2018-11-01 22:03:35,nvzard
2018-11-02 19:18:16,fripszilon
2018-11-03 09:36:15,Doug-GYD
2018-11-05 01:21:18,Inervo
2018-11-07 05:55:05,therealt3nzin
2018-11-07 13:53:23,tommitytom
2018-11-08 03:04:57,iamthemitch
2018-11-08 16:32:17,lanroth
2018-11-08 21:27:56,lscieux
2018-11-09 10:35:01,josh-lane
2018-11-09 13:47:05,x219c
2018-11-10 18:51:15,Trical
2018-11-12 07:52:38,bizzar721
2018-11-18 15:09:45,claudiopolis
2018-11-18 19:28:36,ChTBoner
2018-11-18 20:00:56,JamesLinus
2018-11-21 10:44:07,adservonet
2018-11-22 18:19:14,johanfleury
2018-11-23 18:46:00,mourier
2018-11-26 15:13:38,veloute
2018-11-28 01:32:49,DrewBallard
2018-11-28 14:09:52,thanhtoan1196
2018-11-28 21:38:56,bjfr
2018-11-29 02:26:38,eraldog
2018-11-29 18:28:02,vulcangz
2018-11-30 23:36:08,Mysteres
2018-12-01 03:08:30,jeppesens
2018-12-03 03:16:26,michiruneptune
2018-12-04 05:28:39,rZn
2018-12-04 18:59:43,ediazrod
2018-12-05 02:29:49,nydave69
2018-12-09 22:41:02,Runiko
2018-12-10 09:58:27,Vulp35
2018-12-10 22:32:26,brettmhoffman
2018-12-10 23:26:52,zkrige
2018-12-10 23:30:30,alistairholmes
2018-12-13 18:18:55,jairomateodelcampo
2018-12-13 18:25:58,guusdk
2018-12-14 00:59:45,QuentinLuc
2018-12-16 19:55:07,daniesteban
2018-12-16 23:06:55,KimmoHernborg
2018-12-17 04:11:06,eRudy
2018-12-17 14:41:25,kurtmc
2018-12-18 10:36:03,crbenne
2018-12-19 00:23:14,RXWatcher
2018-12-19 06:58:16,pyroscope
2018-12-20 21:38:03,PrudhommeWTF
2018-12-21 08:03:35,JedMeister
2018-12-21 12:01:58,thomasswan5547
2018-12-21 19:54:46,dec0dOS
2018-12-21 21:44:57,Tetz95
2018-12-22 10:31:50,badfaith
2018-12-24 20:30:44,xatr0z
2018-12-24 22:34:44,LabMem081
2018-12-25 21:05:50,eyadsibai
2018-12-26 03:53:06,edbizarro
2018-12-29 16:19:33,Da7oomHTPC
2018-12-29 20:49:09,rayslinky
2018-12-30 18:48:54,triple-j
2018-12-31 17:13:38,moose228
2019-01-01 14:46:09,memstat
2019-01-02 00:33:56,y8x
2019-01-02 00:37:38,tiagoad
2019-01-03 01:33:02,FaiqH
2019-01-04 23:23:53,majestixx
2019-01-05 12:26:07,ldunca
2019-01-05 17:59:18,maxgubler
2019-01-05 22:06:13,danilopopeye
2019-01-05 23:40:35,fuuddanni
2019-01-07 09:27:31,iDuronto
2019-01-07 21:04:03,shipply2u
2019-01-08 13:53:43,0xced
2019-01-08 14:22:53,nikitavoloboev
2019-01-08 15:27:02,qa1
2019-01-08 15:38:08,kidager
2019-01-08 16:32:59,jeanmarcalkazzi
2019-01-08 17:53:35,sagarkarira
2019-01-08 18:24:27,mbursi
2019-01-09 01:45:48,denji
2019-01-09 08:17:30,martinbjeldbak
2019-01-10 19:59:07,jeanpoelie
2019-01-11 20:29:03,bassdude5
2019-01-12 12:50:10,johnramsden
2019-01-13 03:14:19,omerh
2019-01-14 16:26:10,marsop
2019-01-16 08:40:31,paulchabotca
2019-01-17 01:07:20,wertyphil
2019-01-21 17:17:56,mudaiheem
2019-01-23 02:05:20,filippog
2019-01-24 13:57:49,m00tiny
2019-01-24 15:41:24,longkerdandy
2019-01-25 21:51:46,akufta
2019-01-26 08:12:16,brainfried
2019-01-27 23:48:32,sp812bro
2019-01-28 01:05:18,ldzielak
2019-01-29 05:22:48,modus-operandi
2019-01-30 14:19:34,fexofenadine
2019-01-31 00:45:21,bitcrumb
2019-02-01 16:28:37,onlyplo
2019-02-04 04:51:39,jfmiguel
2019-02-06 07:43:09,CorbanR
2019-02-06 13:29:58,grealish
2019-02-06 14:45:12,gsarcov
2019-02-08 14:57:51,widnyana
2019-02-09 14:18:14,acecon
2019-02-12 06:48:30,lamdawg
2019-02-13 02:29:28,jaspangler
2019-02-16 14:52:28,amaury-d
2019-02-17 23:07:26,cottonstar
2019-02-18 08:37:29,northtexas
2019-02-19 14:19:48,vojenfr
2019-02-24 09:33:25,CatsDontExercise
2019-02-26 15:47:45,PratikLunagaria
2019-02-28 10:20:17,sinamoradi
2019-02-28 11:45:08,swimguy81084
2019-02-28 16:24:10,yuexuan
2019-03-01 11:47:00,pemyunupa
2019-03-02 10:27:02,phynias
2019-03-04 12:41:09,Marcushawley
2019-03-05 03:49:59,ben-ba
2019-03-05 21:42:29,Nickduino
2019-03-07 18:18:23,autumnwalker
2019-03-09 09:48:47,hibbie
2019-03-09 19:54:52,romainsi
2019-03-09 23:26:54,amitsax
2019-03-11 03:05:38,iammanbeard
2019-03-14 07:15:01,mikeyenhuang
2019-03-15 20:45:05,DanielDrew
2019-03-16 13:22:42,gfraysse
2019-03-17 00:36:28,abicelis
2019-03-18 07:13:08,anatasluo
2019-03-20 08:30:34,dannybenten
2019-03-20 23:09:35,Comaxim
2019-03-21 00:06:15,rozx
2019-03-22 11:05:32,noahbjohnson
2019-03-23 11:41:59,scornelius1
2019-03-23 21:09:51,astamicu
2019-03-26 04:09:50,lfmachadodasilva
2019-03-27 08:29:52,mikedulle
2019-04-01 06:00:03,JaggedJax
2019-04-02 15:40:07,TanguyBaudrin
2019-04-02 20:04:48,dkrahmer
2019-04-03 04:57:20,zentown
2019-04-04 13:03:25,charles-a3
2019-04-05 13:44:02,Arioch171
2019-04-05 20:00:43,rebornnetwork
2019-04-05 21:56:44,bxkx
2019-04-06 03:20:02,mitch71h
2019-04-06 09:43:44,GATOQSECOMIO
2019-04-07 08:55:36,nathstar25
2019-04-07 14:49:49,hongzhu007
2019-04-08 22:35:47,emansom
2019-04-14 13:15:58,kevintruong
2019-04-14 18:30:45,ckontomitros
2019-04-14 19:23:50,Seniru
2019-04-14 20:45:11,Summerknight88
2019-04-15 00:13:46,ludoo0d0a
2019-04-15 01:03:25,woin2221
2019-04-15 03:46:48,greenarcade
2019-04-15 04:25:27,apainemilla
2019-04-15 06:00:01,zjm165
2019-04-15 08:44:59,r4g3insane
2019-04-15 08:56:55,frohlich
2019-04-15 09:02:22,gktddyzwHarry
2019-04-15 11:49:59,jamesmccune6
2019-04-16 22:14:22,GammaC0de
2019-04-17 17:46:05,Assassinumz
2019-04-19 07:32:01,HeavensNight
2019-04-20 11:14:20,dvandonkelaar
2019-04-21 08:11:03,potestus
2019-04-21 23:24:56,SPDurkee
2019-04-22 08:02:01,marcferna
2019-04-22 14:07:56,krusty64
2019-04-25 22:33:44,plughead666
2019-04-26 05:31:50,1834924958
2019-04-27 05:26:16,hcaw
2019-04-27 13:25:15,paulverbeke
2019-04-28 03:57:32,daviddrummondjr
2019-04-28 05:12:06,willyb321
2019-04-30 15:42:56,gpaux
2019-05-01 01:30:10,rade81
2019-05-02 01:33:56,Wizerd
2019-05-04 08:06:16,curthowell
2019-05-04 11:06:45,Therzok
2019-05-06 11:01:45,wahyd4
2019-05-06 11:33:02,narakai
2019-05-11 04:35:00,gretel
2019-05-12 04:15:39,robertheadley
2019-05-13 04:20:28,You-J
2019-05-15 13:01:43,onlineyun
2019-05-16 05:03:50,wittycoder
2019-05-16 23:00:02,dzmitry-lahoda
2019-05-17 15:03:54,chaoscreater
2019-05-17 23:35:52,Dulalmia
2019-05-27 15:01:09,rohts-patil
2019-05-30 12:43:29,FWDavide
2019-05-31 16:48:48,theonelucas
2019-06-05 00:21:18,francisco-polaco
2019-06-06 02:15:22,JamesJB77
2019-06-10 19:44:59,AlloVince
2019-06-10 20:09:44,ccl0326
2019-06-11 18:03:41,Disposaber
2019-06-11 18:52:39,jasonisgr8
2019-06-14 17:11:27,rmetzler
2019-06-16 11:49:03,sildur
2019-06-19 23:54:34,ircookie
2019-06-22 07:58:53,amaurycatelan
2019-06-25 15:20:08,KptnKMan
2019-06-26 22:14:49,kerrykincaid
2019-06-27 09:25:33,bckwltn
2019-06-29 04:33:00,mistervandal
2019-06-29 05:37:49,jodybrown
2019-06-30 07:32:57,deathblankets
2019-07-01 00:16:20,rrhernandez
2019-07-03 08:25:39,petermac-
2019-07-03 13:57:53,AndoniZubimendi
2019-07-05 22:54:03,tvilo
2019-07-07 21:58:13,cooladam201212
2019-07-08 18:58:23,k4rd050
2019-07-08 23:13:44,azertytr
2019-07-10 11:53:07,Thomas-B
2019-07-11 11:13:38,JohnLBevan
2019-07-11 23:12:11,jonmol60
2019-07-15 16:50:42,pokonski
2019-07-19 18:24:50,Gouar
2019-07-20 16:12:32,jpmurray
2019-07-23 15:52:57,kuroikyu
2019-07-24 15:07:41,TonyGstring
2019-07-25 16:13:05,t4lwh
2019-07-26 12:55:29,elgofo
2019-07-26 21:03:28,MadAEng
2019-07-27 10:36:41,bolensmichael
2019-08-04 04:29:17,aksiksi
2019-08-09 12:15:56,wMw9
2019-08-11 14:24:05,zxoot45
2019-08-13 17:31:57,andrewalisa
2019-08-17 13:21:16,chat1223
2019-08-19 12:39:04,ijue
2019-08-21 01:57:00,senseisan
2019-08-21 10:07:27,LuciaDR
2019-08-21 14:09:52,denics
2019-08-23 05:01:35,djpain
2019-08-24 03:53:29,notracking
2019-08-24 06:43:30,Crystal-RainSlide
2019-08-25 15:51:06,dbeale83
2019-08-26 04:49:31,seanmccabe
2019-08-27 17:29:34,threepac
2019-09-01 23:24:42,yveszb38
2019-09-03 00:35:47,thebenwaters
2019-09-03 17:31:54,Madic-
2019-09-08 19:55:15,tdehaeze
2019-09-09 05:13:34,barolo
2019-09-11 08:49:52,coryjo
2019-09-13 00:06:43,TiagoDM
2019-09-13 04:16:37,normanbrobinson
2019-09-19 14:17:17,OldskoolOrion
2019-09-24 13:31:30,ronilaukkarinen
2019-09-25 23:55:36,kthordarson
2019-09-27 15:45:47,StefanRu
2019-09-29 03:14:23,jrivera282
2019-09-29 16:07:52,loftwah
2019-09-30 20:18:46,ghis-langlois
2019-10-15 06:35:17,geekish
2019-10-17 02:01:02,gitunown
2019-10-17 07:26:53,RawHawk11
2019-10-18 05:37:39,jshea483
2019-10-22 02:52:06,0xACE
2019-10-22 13:34:33,h1kkan
2019-10-22 13:41:07,ncrgy2
2019-10-22 13:59:42,killbus
2019-10-27 21:26:43,jgysland
2019-11-09 12:03:15,Smorvel
2019-11-10 14:48:33,Pegase745
2019-11-13 19:00:20,patchrick843
2019-11-15 20:16:02,cgatesman
2019-11-16 04:06:22,telsin
2019-11-17 12:01:37,steewel
2019-11-17 16:27:24,sobakasu
2019-11-18 16:11:15,srsholmes
2019-11-18 19:53:58,nilsbebelaar
2019-11-18 22:34:04,SanderDeVos
2019-11-18 23:24:46,neilhu
2019-11-19 02:49:07,schumijo
2019-11-19 23:18:59,jasonpdk
2019-11-20 06:18:14,TheoBrigitte
2019-11-20 06:27:51,marcb1387
2019-11-20 06:44:48,Tomcatter31
2019-11-20 11:23:46,imdpenguin
2019-11-20 11:39:28,stjohn96
2019-11-20 23:45:42,orsinium
2019-11-20 23:53:07,sudoguy
2019-11-21 01:17:59,brizzbane
2019-11-21 09:18:53,fly51fly
2019-11-21 10:20:23,liuzhenqi77
2019-11-21 13:13:35,hoangpq
2019-11-21 18:30:39,Cr8sh
2019-11-21 23:57:54,hankman13
2019-11-22 10:50:05,rjohns03
2019-11-22 15:48:56,dirkr07
2019-11-23 03:43:37,csotiri
2019-11-23 16:58:48,ProwlingPython
2019-11-23 19:33:25,belgiantrotter
2019-11-24 05:51:16,FilipeGAMER
2019-11-26 04:51:29,danilosimei
2019-11-26 09:10:52,checktheroads
2019-11-26 12:56:34,MadSkittles
2019-11-26 13:02:30,lfthwjx
2019-11-27 02:54:01,rirze
2019-11-27 22:44:19,krio
2019-11-28 02:05:16,mrpsst
2019-12-02 03:50:55,Elkasitu
2019-12-09 09:48:58,procdaddy11
2019-12-13 02:37:21,jtorrex
2019-12-13 23:04:57,karaninder
2019-12-14 06:02:18,juandpineiro
2019-12-16 14:57:28,dhvanika
2019-12-21 10:46:04,Xx-Ness-xX
2019-12-23 23:18:07,driscollw
2019-12-24 16:38:05,maximebono
2019-12-30 18:29:25,JokerQyou
2020-01-04 15:29:34,davidcava
2020-01-04 18:54:13,eyehearttech
2020-01-04 21:14:06,xsteacy
2020-01-05 05:40:06,liberoj
2020-01-08 13:58:40,ejalal
2020-01-09 10:34:02,kopelli
2020-01-11 22:19:36,vnzongzna
2020-01-12 10:19:07,trdemoss
2020-01-14 12:06:01,theClueless
2020-01-14 20:25:42,gaoqiang1
2020-01-17 18:22:43,hallmark1984
2020-01-17 23:15:18,iamaviator
2020-01-19 22:03:22,netguino
2020-01-20 09:28:02,Viss
2020-01-21 00:14:35,Lanata07
2020-01-22 09:25:36,OchiengEd
2020-01-22 13:26:16,blooalien
2020-01-23 09:08:43,jackberry
2020-01-24 05:55:11,warexify
2020-01-24 09:27:18,Deliquescence
2020-01-25 03:10:01,Jemaz
2020-01-27 02:34:05,andreztz
2020-01-27 17:26:47,larstomas
2020-01-29 03:45:21,paulcsiki
2020-01-30 03:09:07,dhensen
2020-01-31 01:01:53,waeras
2020-02-01 07:30:19,arcayi
2020-02-04 04:58:56,rsabile
2020-02-04 18:18:40,Krazybug
2020-02-05 18:33:54,TomD88
2020-02-08 01:35:29,AwesomestRandy
2020-02-08 09:03:27,TTamsen
2020-02-09 04:18:19,andriyor
2020-02-09 20:57:36,BywaterYat
2020-02-10 03:01:31,dennyjodeit
2020-02-11 15:41:00,johnrosen1
2020-02-12 19:09:10,lorddain
2020-02-13 03:23:59,youdroid
2020-02-14 10:10:51,tsuihak
2020-02-15 20:37:42,cool1007
2020-02-17 14:24:53,buckster12
2020-02-18 16:24:32,shriniwas26
2020-02-21 06:18:51,eshy
2020-02-22 23:21:27,jessh1009
2020-02-24 23:05:28,fd1sk
2020-02-27 14:11:08,Silentbob1402
2020-02-28 11:42:55,AvichalChadha
2020-03-02 06:38:53,croogie
2020-03-02 15:37:03,mikemor22
2020-03-06 14:02:32,vkygil
2020-03-08 08:34:33,bahibzaf
2020-03-10 06:49:58,stvhanna
2020-03-10 13:22:06,chkoar
2020-03-10 16:06:24,johanneskonst
2020-03-10 18:11:43,merlinmb
2020-03-11 02:01:53,R0GGER
2020-03-13 04:00:13,Marceline
2020-03-17 08:50:11,KurumiSerori
2020-03-19 19:03:24,m2sh
2020-03-20 05:01:07,bouchard
2020-03-20 05:05:30,plibither8
2020-03-20 05:13:03,meetshah1995
2020-03-20 05:18:23,cris-pin
2020-03-20 05:46:10,shreyashpatodia
2020-03-20 05:53:55,c-nv-s
2020-03-20 06:08:37,webwaldo
2020-03-20 06:31:00,anaxonda
2020-03-20 07:19:57,jtbates
2020-03-20 07:24:42,tannn
2020-03-20 07:40:28,stoddart
2020-03-20 07:46:57,izogain
2020-03-20 08:10:20,chrisbenincasa
2020-03-20 08:21:35,pbamotra
2020-03-20 08:24:43,GVRV
2020-03-20 09:13:00,t1mmen
2020-03-20 09:17:28,yenwel
2020-03-20 10:12:02,vargavince91
2020-03-20 10:24:17,haomingz
2020-03-20 10:28:47,bchertel
2020-03-20 10:49:48,fireattack
2020-03-20 11:04:46,ArtSegalas
2020-03-20 11:05:32,tristanmech
2020-03-20 11:09:59,lmirosevic
2020-03-20 11:29:43,g-pascal
2020-03-20 11:59:16,tversteeg
2020-03-20 12:12:46,R2Rs
2020-03-20 12:13:25,themightyoarfish
2020-03-20 12:55:27,agoncalvesnerd
2020-03-20 13:06:49,12jcDEV
2020-03-20 14:18:28,eproxus
2020-03-20 14:22:00,0rvar
2020-03-20 15:20:40,bkovacev
2020-03-20 15:40:08,i-Gondor
2020-03-20 17:02:18,neuroradiology
2020-03-20 17:07:52,forming
2020-03-20 17:25:24,L226
2020-03-20 17:25:35,Blaypeg
2020-03-20 21:56:16,shr1k4nt
2020-03-20 23:35:01,jasonmhite
2020-03-21 05:36:49,kareem1234
2020-03-21 17:20:20,apivzero
2020-03-21 19:39:07,edwin-dua
2020-03-22 00:09:42,praveenkulkarni1996
2020-03-23 08:40:33,zignig
2020-03-24 13:23:28,doomvr
2020-03-25 02:15:31,rachids
2020-03-26 15:38:59,paulojmdias
2020-03-26 21:45:37,mcirsta
2020-03-26 23:14:58,padok
2020-03-27 16:15:07,ur4ltz
2020-03-29 00:40:11,gragragrab
2020-03-31 12:16:03,treflar
2020-04-03 10:34:12,airwolf776
2020-04-07 11:09:19,jjhny2a
2020-04-07 11:34:04,tevesh
2020-04-10 00:20:47,GhostPunk
2020-04-10 01:42:33,apb005
2020-04-11 15:23:27,millzee69
2020-04-15 02:02:16,thomaschadwick
2020-04-15 03:08:27,Invictaz
2020-04-18 01:32:27,elbeeDee
2020-04-18 18:35:25,developenguin
2020-04-19 00:22:36,tg-z
2020-04-19 08:23:24,Armachillo
2020-04-19 16:33:51,rmagasi
2020-04-19 22:19:39,JacquesSparro
2020-04-20 06:33:41,gbschenkel
2020-04-20 10:06:14,slmingol
2020-04-20 13:04:44,DarrowLykos
2020-04-20 13:52:33,WdR72
2020-04-21 23:14:53,nuesance
2020-04-22 13:45:27,jlobster
2020-04-24 01:45:12,Balazs23
2020-04-24 18:03:47,djpoulet
2020-04-26 11:43:25,sverleysen
2020-04-26 23:00:19,ximoxtfi
2020-04-26 23:26:34,ojasiiitd
2020-04-27 19:54:38,ziplock9000
2020-04-27 20:04:35,timmyk0
2020-04-28 21:19:04,Spartanaco
2020-04-29 19:28:03,cabersc
2020-04-30 14:19:53,jcdex69
2020-05-02 06:26:01,JustSomeGuyNZ
2020-05-04 12:23:52,phil-wpks
2020-05-06 02:34:08,brocksamson
2020-05-07 13:14:23,kmplsv
2020-05-08 19:25:48,pedoc
2020-05-11 23:20:14,pramitbiswas
2020-05-12 12:55:11,rups
2020-05-12 13:30:41,shiimizu
2020-05-13 22:41:52,sibizaestruch
2020-05-15 03:39:45,iAhsanJaved
2020-05-16 22:24:42,RafayGhafoor
2020-05-18 10:09:36,wesrer
2020-05-22 12:42:27,titithebad
2020-05-22 18:29:10,Ukul3le
2020-05-24 16:48:43,jjxbag
2020-05-25 20:09:20,adrianjagielak
2020-05-26 19:12:07,cztt
2020-05-27 01:04:03,boglesby03
2020-05-27 15:25:14,slatfats
2020-05-28 18:29:22,Ratatinator97
2020-05-28 22:26:27,glassbat
2020-06-01 16:36:39,codywohlers
2020-06-06 02:30:48,ArchitectOnNet
2020-06-06 17:14:33,vadimjke
2020-06-06 19:31:10,bluemoon1688
2020-06-07 05:54:22,learntoskillup
2020-06-07 08:27:19,HhGas99
2020-06-10 04:38:06,Alanaktion
2020-06-10 19:55:05,richardfrost
2020-06-11 01:21:25,PaulSizemore
2020-06-11 13:42:58,CamTosh
2020-06-11 14:24:44,xlxs4
2020-06-15 11:30:49,mrrx7
2020-06-16 02:30:24,brendantay
2020-06-17 03:05:07,jkoestner
2020-06-18 17:10:17,DanielW10001
2020-06-19 15:19:46,fatbluefish
2020-06-29 01:07:51,profucius
2020-07-03 17:47:24,infokiller
2020-07-05 05:46:04,pagkly
2020-07-11 17:41:08,RickBane
2020-07-14 23:27:21,Tom-Neverwinter
2020-07-18 18:43:48,ghost392429
2020-07-20 10:49:45,sting8k
2020-07-24 05:41:25,retsu8
2020-07-25 14:28:52,Bamco
2020-07-26 05:10:26,kaiwei
2020-07-28 10:56:15,mmalyska
2020-08-09 12:07:25,profbot
2020-08-12 19:56:21,hchris6116
2020-08-13 00:49:14,Matsu23
2020-08-14 01:07:31,shimizurei
2020-08-15 13:43:32,m4xcube
2020-08-18 23:36:33,aurelien-joly
2020-08-23 02:01:21,Dhyfer1
2020-08-23 02:39:27,bbenzikry
2020-08-26 08:48:32,CoryG89
2020-08-27 04:43:48,BL4CKH47H4CK3R
2020-08-29 15:12:18,ROLYRS
2020-08-30 16:56:38,Nyaran
