starred_at,user_id
2015-03-17 03:28:01,mdevlin72
2015-03-17 12:54:31,dahoba
2015-03-17 15:09:55,farconada
2015-03-20 11:38:24,ramunask
2015-03-20 16:57:05,tarzanek
2015-03-20 18:11:54,tiagolo
2015-03-20 20:20:12,sonata82
2015-03-24 13:25:50,voom
2015-03-25 12:56:25,taichi
2015-03-26 14:14:42,pharsfalvi
2015-03-26 15:15:42,kiv1n
2015-03-26 18:54:15,alcir
2015-03-27 17:15:36,MALfunction84
2015-03-30 11:14:24,tommytusj
2015-03-30 18:28:09,cpesoft
2015-03-31 14:45:20,mariolameiras
2015-04-02 05:33:27,cloudtu
2015-04-02 06:15:49,sleeplessman
2015-04-03 00:14:55,disciolli
2015-04-03 16:28:39,Wonno
2015-04-05 00:19:11,cnzzr
2015-04-06 13:10:36,itwise-gwkoo
2015-04-07 14:24:12,JavaLuigi
2015-04-09 21:00:45,samuelzvir
2015-04-10 18:17:41,Gyungchul
2015-04-11 12:01:38,NeoCN
2015-04-15 16:50:01,longhua
2015-04-20 09:16:01,satishv
2015-04-22 14:11:02,wizardAL
2015-04-22 17:31:12,florianhuber
2015-04-22 18:13:40,cleverpig
2015-04-24 17:21:40,guillefritz
2015-04-25 05:22:35,shui-lin
2015-04-25 10:43:29,vpupkin
2015-04-29 15:17:12,kiview
2015-05-01 13:48:31,denisw160
2015-05-03 14:38:19,suninformation
2015-05-05 13:25:43,karavayeu
2015-05-06 09:42:44,wuditata
2015-05-08 11:34:02,marsyang1
2015-05-09 21:06:43,desper
2015-05-11 14:29:08,chebevara
2015-05-11 17:22:30,juanfrank2
2015-05-12 16:26:23,meeximum
2015-05-12 21:47:41,boaglio
2015-05-13 07:14:02,junlapong
2015-05-15 08:41:53,glenzcs
2015-05-15 14:08:54,beiyeren
2015-05-16 01:00:24,kevkon3
2015-05-21 01:58:02,fakier073
2015-06-01 06:48:14,likejazz
2015-06-03 01:43:11,delichty
2015-06-03 06:30:52,yintao
2015-06-06 06:16:34,RCFans
2015-06-11 22:33:02,dtritus
2015-06-17 21:19:24,crpeck
2015-06-18 21:49:54,tonyb67
2015-06-19 22:07:35,vivekyadav01
2015-06-20 01:48:24,fredycg
2015-06-22 12:37:18,green2k
2015-06-22 13:22:18,drei01
2015-06-22 23:41:28,sumkincpp
2015-06-24 09:36:02,thunderw
2015-06-24 14:38:24,jasonwzf
2015-06-26 19:38:23,PatrickHuetter
2015-06-26 19:58:28,cmanon
2015-07-02 06:22:00,zaqzaq
2015-07-06 10:34:30,swallowcc
2015-07-07 21:30:05,tintersniffer
2015-07-10 17:29:42,mabin
2015-07-11 05:55:03,zhzhy86
2015-07-12 11:52:26,blackhuman
2015-07-13 07:22:25,tylgl
2015-07-14 12:52:56,zhu915139481
2015-07-15 11:50:17,warmbreeze
2015-07-15 16:31:29,ricardopalazzio
2015-07-16 19:52:51,skhurram
2015-07-17 23:08:06,saravanan01
2015-07-19 09:06:06,picaron
2015-07-20 06:09:14,henryyan
2015-07-20 06:59:48,anyways
2015-07-20 15:45:53,slindenberg
2015-07-21 00:15:49,mcahornsirup
2015-07-21 17:10:20,jgribonvald
2015-07-22 06:46:52,guke090
2015-07-22 12:34:59,alfre
2015-07-23 08:45:14,smallgoldstone
2015-07-31 00:10:05,Elrhino
2015-08-04 10:09:54,seightday
2015-08-04 16:43:04,silviup
2015-08-05 08:41:54,jdi0116
2015-08-08 18:05:40,gaurav46
2015-08-09 08:33:43,rdjack21
2015-08-11 23:31:37,bedla
2015-08-12 18:45:14,blanfordrobinson
2015-08-16 09:05:50,AvihayTsayeg
2015-08-17 11:07:36,wenhsiaoyi
2015-08-24 06:44:31,samtron1412
2015-08-26 20:26:49,yeroc
2015-08-28 07:57:37,mengdq
2015-08-31 16:22:48,bedrin
2015-09-01 19:21:36,gbrlmza
2015-09-02 22:23:42,monksy
2015-09-08 05:22:04,dreambt
2015-09-08 18:07:12,ChrLau
2015-09-10 20:27:53,dopessoa
2015-09-13 11:43:22,abc618382
2015-09-14 11:37:42,liweigong
2015-09-14 11:43:42,anjingxz
2015-09-15 12:02:16,wxbit
2015-09-15 15:50:50,cniweb
2015-09-19 04:28:41,hanej
2015-09-21 15:04:53,ykarachev
2015-09-21 19:47:08,hovangv5
2015-09-21 20:00:08,breauxaj
2015-09-22 16:29:08,adonis2014
2015-09-23 20:35:07,maykoone
2015-09-24 04:24:58,carloshager
2015-09-24 18:07:46,ti-koe
2015-09-29 00:45:48,leticiaalves
2015-09-29 12:14:43,wiecia
2015-09-29 15:20:38,fujiiwb
2015-10-01 02:53:16,chuffpdx
2015-10-02 07:11:48,nandooliveira
2015-10-08 12:09:21,mohanh
2015-10-12 14:11:13,sxander
2015-10-15 12:05:53,chunkchen
2015-10-16 14:02:26,zioTom
2015-10-18 05:08:26,rksys
2015-10-18 16:35:30,neolitec
2015-10-19 13:08:35,tboeghk
2015-10-21 14:06:15,smagellan
2015-10-21 19:08:41,acevedodamian
2015-10-22 17:21:08,riccardozappi
2015-10-26 04:35:53,dsdk
2015-10-28 14:15:19,kael-aiur
2015-10-29 08:42:07,sakatuba
2015-10-30 10:20:27,landys
2015-11-02 03:44:02,electr0Nik
2015-11-02 08:21:28,likeabook
2015-11-02 23:42:05,nilha
2015-11-03 11:49:57,alkber
2015-11-05 18:36:26,Tassleh0ff
2015-11-06 02:58:45,persapiens
2015-11-06 08:09:02,knoxilla
2015-11-06 12:56:33,Se-young
2015-11-09 19:57:58,ugo5
2015-11-16 13:28:39,happygao521
2015-11-16 20:15:02,fenchu
2015-11-24 22:00:11,gxleoman
2015-11-26 09:47:07,darongmean
2015-11-27 11:05:20,signals2
2015-11-27 13:25:58,caokang
2015-11-30 08:02:07,zhangbody
2015-12-02 13:27:31,engma
2015-12-03 21:38:59,ielts0909
2015-12-09 15:55:00,giquieu
2015-12-10 13:46:22,lidonghe
2015-12-10 15:01:44,sourcesmith
2015-12-11 11:26:56,lakehuang
2015-12-14 10:29:04,jianzhenchen
2015-12-17 08:49:15,kuokuo
2015-12-18 06:17:40,longting
2015-12-22 09:02:00,arking7
2015-12-23 05:43:04,ilaotan
2015-12-24 11:34:01,csyangchsh
2015-12-28 08:49:20,crskyp
2015-12-29 01:04:57,eduardomioto
2016-01-04 19:13:30,joyven
2016-01-05 08:38:22,mixun
2016-01-05 19:00:31,sparrow-net-pl
2016-01-07 08:58:21,misonny
2016-01-08 12:00:09,hockeyfrissa
2016-01-12 10:12:15,AdonisTang
2016-01-12 14:05:23,crmsci
2016-01-13 18:21:07,droidnxs
2016-01-14 12:45:32,htdavis
2016-01-15 01:07:11,sah2ed
2016-01-15 08:36:17,tangbo29511
2016-01-18 15:16:26,joklaps
2016-01-18 18:32:32,anthony-o
2016-01-21 12:31:28,taoyang987
2016-01-22 13:03:05,sangupta
2016-01-23 09:38:05,ipandage
2016-01-25 01:08:10,jhermann
2016-01-27 06:20:29,flyer5200
2016-01-30 18:20:37,henry-caballero
2016-02-01 10:22:05,sakyawang
2016-02-01 13:01:03,Firxiao
2016-02-03 22:41:17,duongben
2016-02-04 10:46:35,hotveryspicy
2016-02-04 19:57:36,ldietrich
2016-02-06 17:38:34,bjornoss
2016-02-08 22:34:30,mapperr
2016-02-09 01:15:58,bgoldowsky
2016-02-09 05:29:17,cnodin
2016-02-09 15:12:53,mikef-dk
2016-02-13 01:53:51,bird8088
2016-02-16 07:27:02,gherkin75
2016-02-16 19:08:21,newubuntu
2016-02-17 15:26:00,fincatto
2016-02-23 18:20:24,yogidd
2016-02-23 23:08:09,vhbsouza
2016-02-24 10:06:33,iziz
2016-02-26 09:58:44,xuanrljp
2016-03-01 12:35:35,ashayh
2016-03-01 18:31:16,yizhzhang
2016-03-03 22:29:40,rxvera73
2016-03-05 21:54:40,antifog
2016-03-07 13:59:04,DoubleRound
2016-03-11 13:17:00,aietcn
2016-03-18 14:15:44,lynch0571
2016-03-22 13:08:25,tsuchiLo
2016-03-24 17:46:31,daltondiaz
2016-03-28 12:43:53,majgen
2016-03-29 13:45:02,BigCatAccount
2016-03-30 17:18:36,campbsd
2016-04-01 03:58:39,rocboronat
2016-04-02 12:44:06,xwjchina
2016-04-06 11:42:36,marcolamberto
2016-04-06 19:41:25,priiduneemre
2016-04-07 05:28:06,hellokku
2016-04-08 13:52:45,wangruofei1
2016-04-11 03:18:17,arohter
2016-04-11 16:17:09,syst0m
2016-04-12 06:43:48,angryz
2016-04-12 13:32:55,bobwenx
2016-04-12 14:00:42,cooligc
2016-04-19 08:30:38,ddmax
2016-04-19 22:51:20,cravoley
2016-04-21 22:24:38,lamfadadev
2016-04-24 21:26:06,ansyeow
2016-04-29 00:40:00,bgiorgini
2016-05-05 11:45:03,maddockFeng
2016-05-06 09:50:39,wuzhou126
2016-05-09 23:47:10,johnnybigoode
2016-05-10 22:19:25,fabianogoes
2016-05-16 18:31:47,dmitriykulishenko
2016-05-17 10:59:44,vagabond1-1983
2016-05-18 09:05:00,Breggor
2016-05-18 10:30:27,hoyacom
2016-05-19 13:27:42,liyuankui
2016-05-23 13:23:06,davidwangwjw
2016-05-24 18:49:18,NexZhu
2016-05-25 12:48:17,avil13
2016-05-25 15:49:21,will-v-king
2016-05-30 11:31:53,mitaes
2016-05-31 23:18:01,scdbob
2016-06-02 09:49:49,scha82
2016-06-02 18:22:56,dspuig
2016-06-03 14:01:58,kowr
2016-06-13 04:53:17,deqihulian
2016-06-14 11:56:29,shineer
2016-06-17 10:46:08,hanMingWei
2016-06-18 00:12:22,chaostya
2016-06-18 07:44:13,gehy1
2016-06-23 19:28:42,stritti
2016-06-28 11:34:55,karimdeif
2016-07-06 07:40:16,tangshoulu
2016-07-09 13:07:43,netbuffer
2016-07-10 14:32:43,creativeprogramming
2016-07-10 20:59:28,kaywood
2016-07-14 14:08:52,junegod
2016-07-17 14:01:01,darrienn
2016-07-18 11:12:30,jokxia
2016-07-19 02:07:27,paolodina
2016-07-20 13:29:04,DanielTung
2016-07-20 16:23:14,wadzapi
2016-07-24 16:25:57,dongyaosen
2016-07-25 15:17:07,nyariz
2016-07-25 15:29:23,sluggarddd
2016-07-27 10:07:58,becrsh
2016-07-29 12:12:34,afiller
2016-08-04 19:11:12,hawkeric
2016-08-05 18:44:21,maniat1k
2016-08-09 21:55:40,ycj28c
2016-08-12 11:25:25,tanfeng
2016-08-17 16:24:32,turiot
2016-08-17 22:24:03,tiagojco
2016-08-19 13:59:44,DMDZYP
2016-08-19 20:29:35,peteles
2016-08-20 15:04:08,xulz
2016-08-23 11:26:18,phaufe
2016-08-25 00:37:37,joseybv
2016-08-25 13:21:40,Greentor
2016-09-06 05:18:13,oulaly
2016-09-10 09:54:54,hjjety1234
2016-09-12 22:36:42,guindous
2016-09-13 13:34:33,ricocai
2016-09-14 16:57:13,bobblanchett
2016-09-16 20:51:55,srinigv
2016-09-18 10:40:43,rgqancy
2016-09-22 10:03:24,emphazer
2016-09-22 17:48:18,Ziver
2016-09-27 06:44:28,breakenknife
2016-09-27 07:15:54,wfeng
2016-09-29 17:01:46,imfangs
2016-09-30 05:27:58,jik1992
2016-10-03 22:37:08,reinaldorj
2016-10-06 13:12:22,ivans
2016-10-09 23:59:30,adrian-tarau
2016-10-12 12:34:55,gaosi
2016-10-14 07:16:04,telnet-ssh
2016-10-15 10:48:32,marlboro029
2016-10-16 13:02:38,lailaiping
2016-10-16 13:59:13,nomadcanuck
2016-10-17 10:18:24,jhuyong
2016-10-19 19:25:16,kodingway
2016-10-24 12:05:15,ybz216
2016-10-31 14:38:55,aalemayhu
2016-10-31 16:22:47,janih
2016-11-03 13:46:46,sherpaDai
2016-11-04 11:01:40,RoyZeng
2016-11-06 20:20:58,LoserTeach
2016-11-15 07:00:12,fishcat2020
2016-11-16 15:47:42,jwachter
2016-11-16 20:58:50,jan79574
2016-11-17 19:42:55,william807803
2016-11-18 14:18:11,tonivade
2016-11-21 13:13:10,rheehz
2016-11-22 16:19:06,wikeryong
2016-11-24 14:01:32,fgyang
2016-11-25 14:20:07,sjursky
2016-11-25 22:55:26,vipsql
2016-11-28 12:50:28,codenon
2016-11-29 17:47:36,epochcoder
2016-11-30 11:11:49,tiantan
2016-12-03 11:07:16,divxpaly
2016-12-05 08:46:04,guoai2015
2016-12-15 16:15:15,zlion95
2016-12-15 20:49:29,GuidoMarsico
2016-12-16 05:20:14,anpaul0615
2016-12-16 07:46:10,xp-abc
2016-12-19 15:47:23,nellochen
2016-12-20 23:49:04,Miltonjacomini
2016-12-28 06:42:10,maqinzhang
2016-12-29 14:26:07,adventurer2008
2016-12-29 14:28:01,sweord
2016-12-31 18:37:08,deland
2017-01-01 14:14:33,hgs1906
2017-01-03 06:39:18,ftinglee
2017-01-07 13:13:59,Prussia
2017-01-10 12:47:48,duanguoxue
2017-01-16 16:29:12,sathibabu
2017-01-18 22:26:58,brippe
2017-01-19 18:15:26,iilkevych
2017-01-21 12:40:26,wangsch
2017-01-28 00:23:11,ganeshm25
2017-01-29 11:08:40,diqiuren
2017-02-06 17:25:02,mesrine
2017-02-08 06:25:44,antstudio-git
2017-02-08 12:32:52,zlcolin
2017-02-09 00:09:12,mcarbonneaux
2017-02-10 02:28:21,jochenseeber
2017-02-15 07:04:02,it-man-cn
2017-02-15 07:37:55,k9yhuang
2017-02-21 17:11:36,superbiger
2017-02-24 21:53:41,davidmsibley
2017-02-28 02:07:10,pdelong42
2017-03-01 08:04:09,hcchen
2017-03-02 17:48:10,Luomeng1004
2017-03-03 06:09:38,andretads
2017-03-07 08:34:43,lazyducker
2017-03-09 19:39:33,alcharkov
2017-03-16 07:55:01,ammachado
2017-03-20 16:40:50,tillik
2017-03-22 06:15:09,yarnping
2017-03-22 10:05:49,pdgz
2017-03-23 00:19:15,ibaca
2017-03-23 08:45:09,hiant
2017-03-30 09:56:56,wjzhu-class
2017-03-30 10:41:26,schwxd
2017-04-01 07:09:36,jangwind
2017-04-01 18:29:38,chenhm
2017-04-05 08:03:24,yedward
2017-04-16 15:17:20,delfianto
2017-04-19 06:52:53,bygui86
2017-04-19 07:35:01,wangmb
2017-04-19 07:44:56,Xstarfct
2017-04-22 04:04:50,changtailiang
2017-04-26 17:58:59,turculet
2017-04-27 12:11:47,zml525
2017-05-05 00:34:16,TristinDavis
2017-05-09 17:51:20,cmoro-deusto
2017-05-10 08:11:20,dotyso
2017-05-11 13:18:06,panyaorui
2017-05-14 19:47:44,john123951
2017-05-18 11:38:08,liousihjia
2017-05-18 19:47:05,chrisbrookes
2017-05-19 00:16:16,aameralduais
2017-05-20 11:03:12,pitter2007
2017-05-21 05:10:51,vagabondize
2017-05-23 15:30:35,DavidSmith2018
2017-05-25 02:58:17,Dravee
2017-05-25 13:26:38,sym695989697
2017-05-25 13:27:07,lmy86263
2017-05-25 19:37:50,sleepiness
2017-05-26 12:36:28,yindynasty
2017-05-30 00:59:11,dbennett455
2017-06-01 04:31:59,qqian1991
2017-06-04 17:40:59,mingyuan
2017-06-06 06:03:07,zhuhoudan
2017-06-06 11:29:06,tim0101
2017-06-08 07:27:31,my36z
2017-06-12 07:02:04,magicpose
2017-06-12 07:36:12,xueyujie
2017-06-13 09:40:02,hilow2
2017-06-16 11:52:08,zshengan
2017-06-18 05:21:30,altairmagampo
2017-06-21 06:25:05,Michael754267513
2017-06-27 20:46:49,sunChuan
2017-07-02 03:29:25,spyhunter99
2017-07-07 17:26:28,ronindev
2017-07-13 04:34:07,bingli-borland
2017-07-17 10:53:58,kylehuang
2017-07-19 19:27:00,kimtiago
2017-07-20 10:47:02,punkmonday
2017-07-25 14:44:00,cks2015
2017-07-26 08:23:52,ssfhljy
2017-07-27 15:18:07,busilogic
2017-07-31 06:18:12,Xiyoujackielin
2017-08-01 12:58:45,victorai60
2017-08-03 10:16:35,troymal
2017-08-08 21:56:27,sureshram
2017-08-11 06:53:09,ganeshan
2017-08-13 10:15:40,tohlzhu
2017-08-16 06:57:33,htskycn
2017-08-16 11:58:08,daiing
2017-08-17 11:19:15,fizzneo
2017-08-18 11:29:13,tanshion
2017-08-18 19:29:44,amarbabuk
2017-08-23 12:50:02,pavanvusirika
2017-08-24 09:49:11,Cooze
2017-08-24 15:58:56,bvp
2017-08-25 08:32:06,42thcoder
2017-08-28 00:01:30,tedthetnaungsoe
2017-08-29 14:09:19,plusect
2017-08-30 16:44:53,keilw
2017-08-30 16:45:03,lbragaglia
2017-09-02 05:30:38,caryyu
2017-09-05 06:32:00,wli26
2017-09-06 08:34:46,lanfengni
2017-09-08 06:12:34,lxbyes
2017-09-10 18:00:50,ki4wangdy
2017-09-11 11:55:52,wmswu
2017-09-12 11:19:55,eemin
2017-09-13 11:12:26,christmas92
2017-09-20 04:41:54,wandersonlima
2017-09-20 12:04:46,MengChenShuai
2017-09-21 11:36:16,alegorico
2017-09-21 21:13:18,humbhenri
2017-09-22 05:09:10,xoHome
2017-09-26 20:26:14,guoguo0607
2017-09-27 13:18:52,charmer21
2017-09-29 05:10:10,ashishtanwer
2017-10-03 16:09:24,jiparis
2017-10-05 17:50:22,Zxbei123
2017-10-09 19:00:38,lupynos
2017-10-13 07:55:52,gjf450005950
2017-10-13 11:30:24,eyougo
2017-10-13 20:21:36,austinlyway
2017-10-18 11:36:19,18656566790
2017-10-22 13:20:30,aVolpe
2017-10-24 16:24:28,lgj573
2017-10-25 07:25:59,oXnMe
2017-10-30 01:57:36,marti1125
2017-10-31 08:15:05,jin19910624
2017-11-02 06:01:59,Jay-Y
2017-11-02 16:15:01,TMcGowanEDF
2017-11-06 22:26:38,extraneu
2017-11-07 22:25:58,svygh123
2017-11-13 11:56:35,keepfit
2017-11-14 13:20:15,poboc
2017-11-14 16:30:23,omsfuk
2017-11-16 15:25:30,ian003
2017-11-21 07:42:33,wang013
2017-11-23 10:29:30,dostiharise
2017-12-01 07:02:10,z617731010
2017-12-01 18:43:58,caihanze
2017-12-01 20:34:31,zhoutaoo
2017-12-05 09:43:29,jimingmi
2017-12-05 10:14:09,dllen
2017-12-05 11:55:36,yangjinhe
2017-12-08 07:44:07,4linuxfun
2017-12-15 06:58:20,OnscopeGit
2017-12-18 05:13:38,djraw
2017-12-20 18:37:29,s-evgheni
2017-12-22 11:10:26,lewis-ing
2017-12-26 07:45:23,kaissi
2017-12-27 12:35:41,warrior701
2018-01-01 17:56:25,831jsh
2018-01-03 20:03:49,uisge-beatha
2018-01-19 13:31:35,faithericlee
2018-01-25 12:18:00,OBJ-feye
2018-01-30 15:12:53,rdccosmo
2018-02-05 16:33:04,haroldo-ok
2018-02-07 11:06:51,eppen
2018-02-09 15:44:25,github1978
2018-02-19 17:19:00,skotec
2018-02-19 17:51:08,PatrickWELTER
2018-02-23 08:01:21,i5possible
2018-02-25 19:27:48,chainho
2018-02-26 10:58:28,Onglu
2018-03-01 08:12:21,jiacye13
2018-03-06 15:43:03,yasenn
2018-03-10 04:19:27,LLOvO
2018-03-13 23:56:24,dgunda1
2018-03-17 12:17:01,AllenAker
2018-03-20 07:22:39,zhengweis
2018-03-21 00:12:31,josealaguerra
2018-04-03 05:27:22,nick-manasys
2018-04-03 10:31:06,904243852
2018-04-09 13:22:07,binaryer
2018-04-10 04:36:13,xiaobin3
2018-04-10 05:12:37,howq
2018-04-10 05:32:07,yjq635
2018-04-10 05:43:35,wangwei-hy
2018-04-10 05:46:48,windgoogle
2018-04-10 06:01:42,zbliujia
2018-04-10 06:22:41,yoCruzer
2018-04-10 07:01:57,xbeginagain
2018-04-10 07:41:03,blackmanbachen
2018-04-10 07:57:35,zhanmaozi
2018-04-10 08:52:12,zhanggang807
2018-04-10 09:56:13,sealte
2018-04-10 10:30:24,luckyiwing
2018-04-10 11:50:28,bryanxtong
2018-04-10 12:09:41,marslovefree
2018-04-10 13:31:35,guoqilin2016
2018-04-10 13:32:29,sea-boat
2018-04-10 13:49:54,hylong
2018-04-10 17:09:30,marksnoopy
2018-04-10 19:35:37,wutairui
2018-04-10 20:43:11,247989011
2018-04-11 05:08:31,chamborghini
2018-04-11 05:25:58,turbidsoul
2018-04-11 05:48:54,s554097550
2018-04-11 07:51:37,manjoc
2018-04-11 10:08:47,ahlon
2018-04-11 12:30:21,StephenShan
2018-04-11 13:13:56,richard9838
2018-04-12 04:50:19,tryandcatch
2018-04-12 05:08:00,Bobjoy
2018-04-12 05:48:28,iuni0day
2018-04-12 18:40:30,Ennn
2018-04-13 06:56:44,tongxinershi
2018-04-13 12:13:33,apple006
2018-04-13 14:11:54,z417915015
2018-04-13 15:26:15,q443075523
2018-04-14 07:53:25,hx71105417
2018-04-14 18:56:11,bjcawanglu
2018-04-15 15:02:52,Kuangcp
2018-04-16 05:15:41,wanghy8166
2018-04-16 08:35:43,aurthurxlc
2018-04-16 11:20:34,zxbing
2018-04-16 14:20:25,PaeoniaSuffrAndr
2018-04-16 19:48:47,draco1023
2018-04-17 08:31:05,guoyu-
2018-04-18 05:07:03,jieyoung
2018-04-18 05:34:10,happyryan
2018-04-18 05:56:55,samgang
2018-04-18 06:17:37,etng
2018-04-18 17:41:24,cdma
2018-04-19 05:33:31,LanceHuang
2018-04-19 11:07:52,madfrog2047
2018-04-20 11:21:26,thanksGitHub
2018-04-20 21:30:53,ogckw
2018-04-21 01:01:58,phendren
2018-04-22 20:05:20,wjy000
2018-04-23 07:17:49,appleshan
2018-04-24 20:20:35,ither
2018-04-25 02:45:21,thirteens
2018-04-25 06:19:18,WJY-JY
2018-04-27 13:13:58,xuqisheng
2018-05-01 02:13:52,ygun
2018-05-04 12:56:12,tristanmiral
2018-05-05 19:04:06,lidatui
2018-05-08 09:48:44,aeolus77
2018-05-09 05:06:28,SilenceL
2018-05-09 12:39:47,posuixukong76
2018-05-11 17:28:42,910060096
2018-05-12 20:35:03,yuyongwuhu
2018-05-15 13:19:38,revolyw
2018-05-16 04:52:19,Rayn-liuwei
2018-05-16 07:18:07,kaifengxu
2018-05-16 20:12:16,wzhaojin
2018-05-19 13:34:59,wenlongwljs
2018-05-22 09:55:39,EldenRing
2018-05-26 21:11:31,freeAhao
2018-05-28 10:04:14,yanrong1123
2018-05-29 15:16:54,mprins
2018-05-30 04:53:10,Fly365
2018-05-30 07:29:54,qianhongxin
2018-05-30 11:46:32,wdxzs1985
2018-06-01 11:30:42,gingerjiang
2018-06-03 06:36:33,yiyingcanfeng
2018-06-03 07:10:52,limbo0312
2018-06-04 05:57:53,jiji87432
2018-06-06 23:10:07,epyonavenger
2018-06-07 10:11:21,zhonghuazhi
2018-06-09 02:36:42,elit69
2018-06-10 17:25:18,aceslup
2018-06-11 06:43:53,Terry1002
2018-06-12 09:46:17,ysskyboy
2018-06-12 09:49:07,aarondavidpolley
2018-06-13 06:57:20,xiaochunping
2018-06-14 05:41:30,linxing58
2018-06-14 06:39:53,eric-lee-cn
2018-06-15 19:10:49,voidpointer
2018-06-20 09:56:05,maluqishi
2018-06-20 10:03:27,umishu
2018-06-21 07:11:30,imyuyu
2018-06-22 22:09:24,awdecherd
2018-06-26 04:47:22,cdpsai
2018-06-28 06:24:59,navee
2018-06-28 19:03:52,Dengzixu
2018-06-29 12:36:12,bianlizuozishu
2018-06-29 12:41:52,leanderli
2018-07-01 19:39:04,verseboys
2018-07-04 20:00:10,romangua
2018-07-06 17:31:09,Sergerant
2018-07-07 06:10:25,spuerFan
2018-07-07 07:40:04,liufor
2018-07-07 09:07:51,wichopy
2018-07-14 10:37:58,benjaminglatzeder
2018-07-15 19:30:54,liurenjin
2018-07-17 07:48:36,qq839924354
2018-07-17 12:05:52,triumph
2018-07-17 20:34:17,shamine
2018-07-20 06:36:33,bestlope
2018-07-22 06:24:47,eosos7
2018-07-24 07:41:11,betgar
2018-07-27 06:09:51,sm4rtisan
2018-07-31 04:59:31,Larrymuers
2018-08-01 10:16:58,stillOnTheWay
2018-08-01 18:16:56,ThinkingInMe
2018-08-02 13:21:17,DevilAndBird
2018-08-02 13:30:30,wangwengeek
2018-08-03 05:44:28,lui1798
2018-08-07 16:03:32,ameizi
2018-08-08 11:16:43,mrhuangyuhui
2018-08-10 06:10:39,HolyHorseman
2018-08-11 11:45:24,Xuguozong
2018-08-13 09:14:22,carker
2018-08-15 13:03:49,ZhuboSun
2018-08-16 11:25:58,root-wyj
2018-08-16 16:43:30,reilf
2018-08-19 17:18:00,mauriziopinotti
2018-08-21 10:05:28,BigBaBei
2018-08-23 10:05:13,Joburgess
2018-08-23 12:07:07,fobgochod
2018-08-23 15:57:30,sunzhaoyan
2018-08-25 13:16:19,allstar2012
2018-08-25 16:28:45,edidada
2018-08-28 06:17:20,CedricDaniels
2018-08-29 06:41:34,gongshenruju
2018-09-03 11:57:26,bitsrepo
2018-09-03 16:43:03,LuckyDevin
2018-09-05 11:27:28,zhaozha
2018-09-06 11:34:09,GabrieleFrau
2018-09-06 19:54:15,AhianZhang
2018-09-07 06:48:03,zhangjianbinJAVA
2018-09-11 07:59:43,CykuTW
2018-09-12 12:56:00,boomion
2018-09-13 11:35:20,nn200433
2018-09-14 15:36:44,fworks
2018-09-15 07:19:46,anymaker
2018-09-16 09:33:20,chenzhizdt
2018-09-17 12:28:04,ruinszero
2018-09-18 12:26:41,nssol-wanghonglei
2018-09-18 17:04:14,losingle
2018-09-18 17:50:29,DevinTan
2018-09-19 21:12:40,enriqueism
2018-09-21 06:24:58,qalong
2018-09-24 15:14:47,kangzao
2018-09-25 19:27:09,Jul10l1r4
2018-09-27 12:44:58,my-fighter
2018-09-30 11:24:10,muyingzhi
2018-10-02 22:47:03,xuebaofeng
2018-10-03 13:12:57,tejasetty
2018-10-04 12:28:34,kylinwong
2018-10-08 06:06:24,ShareFY
2018-10-08 06:09:02,issac21
2018-10-08 14:41:03,digisky-jason
2018-10-09 06:34:40,XINGMAOJUN
2018-10-10 17:49:34,laomi4569
2018-10-10 23:48:04,jlwestsr
2018-10-11 11:16:40,pinke
2018-10-12 08:41:00,nivance
2018-10-12 12:12:14,rjliulei
2018-10-12 18:04:46,tepal
2018-10-13 15:15:51,zhaojunliing
2018-10-15 11:30:37,mkody
2018-10-16 10:08:39,osxcn
2018-10-16 10:53:51,zjsth92
2018-10-17 12:29:08,yanzhao571
2018-10-18 13:12:06,dcaravana
2018-10-18 14:38:41,iszengmh
2018-10-19 07:38:48,millerleo
2018-10-22 08:01:25,agustinsshieh
2018-10-24 12:41:50,albertus82
2018-10-26 11:35:41,liangzhuo
2018-10-30 09:51:15,charryong
2018-10-31 07:27:14,PaleoWoods
2018-10-31 08:07:51,hohaiuhsx
2018-10-31 11:17:20,myjavaxp
2018-10-31 11:42:35,Veryfirefly
2018-11-01 11:33:28,tusharbihani
2018-11-04 08:26:18,todorex
2018-11-05 12:14:11,wenyuantc
2018-11-06 05:38:24,bluegitter
2018-11-06 06:45:46,mouaifulao
2018-11-07 12:43:12,liuhuichao2017
2018-11-07 19:52:08,ctrl2
2018-11-09 11:46:02,azengqiang
2018-11-09 13:16:36,hziee514
2018-11-09 14:58:41,thinkyoutoo
2018-11-10 16:10:32,sdrkyj
2018-11-12 13:47:18,wang55815533
2018-11-13 22:13:57,techzealot
2018-11-15 15:51:54,meaton
2018-11-17 11:25:50,cannysquirrel
2018-11-17 14:39:03,Rainyn
2018-11-20 06:41:22,phh2008
2018-11-23 11:37:25,gpsbird
2018-11-26 14:40:08,Allchin
2018-11-27 08:45:57,ljw0903
2018-11-28 13:32:15,liuyuliang
2018-11-30 13:42:19,weizai118
2018-12-01 17:56:57,lwanqiang
2018-12-04 15:13:00,chen-ABC
2018-12-05 21:18:16,pipapipaJ
2018-12-06 05:43:07,sunkz
2018-12-06 07:22:43,qingzhengwen
2018-12-06 12:50:34,immime
2018-12-06 12:59:38,dzyok
2018-12-08 06:48:35,hbm1985
2018-12-08 07:09:03,voole
2018-12-08 19:51:14,birdskyws
2018-12-10 14:02:00,nixlong
2018-12-10 14:08:19,zhaohg
2018-12-11 12:03:03,acehjr
2018-12-13 22:44:08,Accaciol
2018-12-17 17:43:04,growlnx
2018-12-18 08:24:51,PeterXiao
2018-12-19 06:48:54,wxm104
2018-12-19 20:34:34,ustbyjy
2018-12-19 22:40:19,rwunsch
2018-12-20 10:54:27,wenqy
2018-12-20 13:05:11,ideathink
2018-12-20 15:18:14,burakEC
2018-12-20 19:20:26,claireis
2018-12-21 14:01:02,jackieonway
2018-12-24 07:24:55,AndyReturn
2018-12-25 08:43:13,zmframe
2018-12-25 21:02:39,yplgame
2018-12-27 14:22:10,IssacYoung2013
2018-12-29 06:52:15,lewisdeng6060
2019-01-02 18:38:39,tonysgi
2019-01-03 15:35:01,fallmoon
2019-01-04 15:39:21,zhy5200
2019-01-05 13:46:55,WuqingVika
2019-01-05 14:39:37,jiangjinwu
2019-01-06 08:40:02,lukeddy
2019-01-06 13:42:52,ActiveVolcano
2019-01-07 11:14:54,scriptwang
2019-01-08 06:47:28,sssgon
2019-01-08 19:05:06,fanchaoo
2019-01-08 19:07:56,myqonnt
2019-01-09 21:46:42,indyaah
2019-01-10 18:22:09,majunmin
2019-01-10 18:37:37,luoam
2019-01-11 12:07:28,chendongzheng
2019-01-15 13:21:52,luleilei516
2019-01-17 13:48:00,AdriandeKing
2019-01-18 09:51:44,xiangagou
2019-01-19 12:17:19,yab2015
2019-01-22 22:24:12,D491675881
2019-01-23 07:54:56,hokuhouhi
2019-01-23 10:18:52,bitlin
2019-01-24 08:27:49,hunkyeung
2019-01-24 11:00:19,haohaifeng002
2019-01-24 16:49:59,nikitachrs
2019-01-29 07:30:55,SkyYongFly
2019-01-30 07:13:28,AsuraLq
2019-01-30 12:10:29,veggieg
2019-01-31 14:56:33,tinylee
2019-02-05 15:41:34,e45240
2019-02-09 05:26:35,anaice
2019-02-12 11:42:46,gmm932
2019-02-12 19:06:11,schlegel11
2019-02-13 08:55:36,Futurer2016
2019-02-13 17:04:57,willweicode
2019-02-14 08:54:09,Fudeveloper
2019-02-14 14:14:15,yayaw
2019-02-14 14:58:16,Leoarrow
2019-02-16 21:05:20,denlaku
2019-02-19 11:56:50,liangzhenghui
2019-02-19 15:33:08,luyuexin93
2019-02-19 17:35:20,jink2005
2019-02-20 02:30:47,GrayCatCode
2019-02-21 13:58:24,stackSg
2019-02-23 11:29:52,ifcute
2019-02-23 11:45:49,ZhaoLeBoy
2019-02-25 07:16:17,netesheng
2019-02-26 07:47:06,chengmang
2019-02-26 09:04:29,xiaoq7758
2019-02-26 12:45:45,MILLETES
2019-02-26 13:56:10,1715656022
2019-02-26 18:17:53,kdybicz
2019-02-27 14:04:56,z1287956946
2019-02-28 12:09:00,ccc520
2019-02-28 13:29:43,892042158
2019-03-01 13:47:00,xcxzzx-1
2019-03-04 13:27:55,shadow000902
2019-03-04 17:52:03,xmoooz
2019-03-05 19:31:39,matteoturra
2019-03-07 07:14:55,wangyq20132013
2019-03-08 11:03:04,HKMV
2019-03-08 18:57:23,lotsdoin
2019-03-09 20:06:43,ppyang010
2019-03-12 07:21:23,GoNorth
2019-03-12 12:22:27,Dmitresso
2019-03-14 11:14:19,wangchunlin004
2019-03-14 11:40:43,liuxingyinyi
2019-03-18 13:59:07,nvminh
2019-03-20 11:41:48,cc123450
2019-03-20 11:42:20,zhangtr1116
2019-03-22 08:23:54,cavernyu
2019-03-22 21:36:16,craca
2019-03-24 00:11:09,cczjbest
2019-03-25 10:00:00,pedoc
2019-03-25 17:35:50,Collyboy
2019-03-27 05:11:12,cnx2016
2019-03-29 10:49:19,ManKeomorakort
2019-04-01 08:48:20,jions7ihj
2019-04-01 11:17:13,Clarencezero
2019-04-02 04:55:07,wanken
2019-04-02 05:43:49,jsnyoung
2019-04-03 17:46:30,oo0oo2015
2019-04-04 13:04:44,wk240
2019-04-04 14:56:55,jiangrongbo
2019-04-05 16:10:58,DionQiu
2019-04-07 17:53:19,JQBase
2019-04-08 06:44:14,thronbird
2019-04-08 12:06:05,nanjunyu
2019-04-10 07:38:03,771007147
2019-04-11 13:49:51,AdriaBergeAguilar
2019-04-13 12:09:52,longwu
2019-04-16 07:40:23,jacentsao
2019-04-16 22:34:00,hilgroth
2019-04-17 09:54:35,zsAlienware
2019-04-18 06:44:22,asd1245dss
2019-04-19 14:30:07,jianxia84
2019-04-20 14:36:58,fuwujiaxx
2019-04-22 08:25:53,itning
2019-04-23 05:57:18,qushencn
2019-04-24 04:13:05,igofind
2019-04-24 06:28:55,sunjiam789
2019-04-24 12:53:15,hujihong
2019-04-24 15:47:46,mr-jinming
2019-04-25 08:10:57,ZHI-XINHUA
2019-04-25 08:34:09,xxzztt
2019-04-28 06:19:27,deitystyle
2019-04-28 12:30:07,itechXiong
2019-04-29 11:14:27,mcxinyu
2019-04-29 15:13:54,codelangcn
2019-05-03 22:14:50,ratrunner666
2019-05-05 20:16:10,ctg168
2019-05-06 18:17:53,gyx
2019-05-07 05:10:48,willme0
2019-05-07 10:55:31,zhaozengbin
2019-05-08 11:23:17,rocklei123
2019-05-09 14:09:02,wengweng85
2019-05-10 07:26:39,ericyang521
2019-05-10 12:25:06,zwoou
2019-05-13 17:20:56,chndgh
2019-05-14 08:35:19,KwokRoot
2019-05-15 06:00:21,tiggoliu
2019-05-15 16:45:35,moralek
2019-05-16 13:06:18,youzhirong
2019-05-22 18:04:10,zhaopei8948
2019-05-22 18:57:38,Eisx11o
2019-05-24 12:09:51,dgroundhog
2019-05-25 05:11:51,Kurapika74
2019-05-27 13:04:32,qlong8807
2019-05-27 16:48:50,liueleven
2019-05-28 07:08:55,huststl
2019-05-28 07:34:10,happyi
2019-05-30 11:21:41,qianhongtang
2019-05-30 12:49:55,mzky
2019-05-31 09:22:49,chzhxiang
2019-06-02 04:49:34,dinglixiao
2019-06-03 12:56:30,bardware
2019-06-04 04:12:22,baizhi1989
2019-06-04 12:45:42,KevinDavidMitnick
2019-06-06 06:30:41,laisengui
2019-06-06 06:40:11,grey1995
2019-06-10 12:19:29,lovefreeprogramming
2019-06-10 19:38:56,Jerring
2019-06-11 07:14:47,zhaowei2530
2019-06-11 12:03:22,BIFWIG
2019-06-13 12:58:17,minhao1995
2019-06-13 15:15:52,north0808
2019-06-14 16:34:19,cxy35
2019-06-15 08:59:59,plato4ever
2019-06-16 15:18:24,nelly0571
2019-06-18 15:08:07,BuZZ-dEE
2019-06-18 17:54:40,zhaozhgGH
2019-06-19 05:22:35,0x5c0f
2019-06-19 05:30:41,duzunwu512
2019-06-20 14:30:50,Leon-Y
2019-06-22 02:43:32,jchanghong
2019-06-24 05:00:55,devilzwy
2019-06-24 11:18:34,webmurky
2019-06-24 14:23:53,andy521
2019-06-25 05:53:10,9253761
2019-06-25 17:56:00,qq524007127
2019-06-26 17:16:19,aizhimou
2019-06-27 06:00:27,newlifeq
2019-06-27 11:14:25,hustcsheng
2019-06-29 10:37:22,jiangjihui
2019-06-30 12:27:23,agrawal-ankit
2019-07-01 06:59:01,bwkang
2019-07-03 04:03:01,ovichiro
2019-07-03 10:00:00,SongYongjian
2019-07-07 18:24:36,renyun2
2019-07-08 13:07:08,yunchuan537
2019-07-09 13:28:29,475763610
2019-07-10 05:52:14,sepe81
2019-07-10 19:25:10,colorfullee
2019-07-11 07:28:52,zgdkik
2019-07-11 16:45:48,LuxSun
2019-07-13 15:51:05,liuwanshi
2019-07-15 11:21:14,ryanyangyqr
2019-07-15 13:25:00,bahuwang
2019-07-16 11:58:50,lbrfabio
2019-07-16 13:09:03,shanglt
2019-07-17 05:10:58,yangyustart
2019-07-18 16:22:42,lrxcy
2019-07-22 12:17:01,tryIdea
2019-07-23 04:10:32,gdlwolf
2019-07-24 14:21:15,cytihuntor
2019-07-25 06:36:42,johnzhang521
2019-07-26 06:39:25,lxheyu
2019-07-26 15:31:48,poveyd
2019-07-29 10:05:27,wszyquan
2019-07-30 11:05:28,GoGillDong
2019-08-01 02:03:48,fernandoldr
2019-08-02 05:51:36,fanspaceshow
2019-08-02 09:39:54,brradish
2019-08-02 19:23:56,yanyam8023
2019-08-05 09:23:23,wushc6644
2019-08-06 12:12:02,cinowu
2019-08-07 12:18:10,cheyunhua
2019-08-07 13:56:51,yichao0803
2019-08-08 07:41:03,longegit
2019-08-08 13:20:46,jiewa-light
2019-08-09 18:35:12,ka1i
2019-08-10 20:24:43,freddy-juarez
2019-08-11 07:56:56,findli
2019-08-16 07:04:54,o3661606
2019-08-17 04:41:33,chiayu0816
2019-08-19 15:11:10,aabiabdallah
2019-08-20 09:09:04,YenCheChangGoogle
2019-08-20 20:32:41,TravisLabs
2019-08-22 18:31:05,ramos1gabriel
2019-08-27 07:30:25,is00hcw
2019-08-30 00:49:35,rafaelscnunes
2019-08-30 10:11:52,wentium
2019-08-30 17:21:17,aghigo
2019-09-02 09:20:40,JohnDoeo
2019-09-03 16:15:50,skepick
2019-09-03 20:09:37,alexdaiyun
2019-09-04 07:48:24,EmberXin
2019-09-05 05:11:06,guoxin19816
2019-09-08 20:59:15,nanthakumarg
2019-09-12 08:21:50,ixiyang
2019-09-12 10:58:47,xl-code
2019-09-14 12:46:36,thberger
2019-09-15 20:56:34,theten52
2019-09-19 16:49:10,Goodbye-Youth
2019-09-23 02:19:00,bergpb
2019-09-23 05:57:11,Demo-ZJ
2019-09-23 11:14:05,ciggar
2019-09-24 11:11:45,vltmn
2019-09-24 19:30:23,shao2003
2019-09-29 06:40:54,chengchenrui
2019-10-08 07:44:18,dyw770
2019-10-12 12:44:08,galaxychuck
2019-10-17 05:25:00,lianbitangjin
2019-10-18 05:16:09,sesames
2019-10-21 18:04:23,liguoying521
2019-10-21 19:08:24,Carayav
2019-10-21 23:48:55,colepackingham
2019-10-30 13:27:06,OscarLai
2019-11-08 10:12:51,SteveTigerGuo
2019-11-12 14:15:19,maisi
2019-11-13 19:31:49,wgrice
2019-11-15 22:07:47,fants
2019-11-17 14:05:31,as-hu-aabk
2019-11-19 09:24:56,cainli
2019-11-20 08:45:17,char1st
2019-11-22 08:58:20,xiaomin0322
2019-11-29 06:17:14,jackok
2019-12-05 06:50:48,rmusser01
2019-12-06 11:24:00,Fyume
2019-12-09 05:14:19,pablo
2019-12-09 13:11:07,gitren
2019-12-10 06:34:58,kevin4j
2019-12-11 21:12:31,pnest
2019-12-12 13:39:12,lz3156
2019-12-15 18:55:27,mrxir
2019-12-18 10:45:22,kiyokop
2019-12-18 13:31:00,telzhou618
2019-12-19 04:53:58,miguelbalboa
2019-12-20 10:27:15,zglchocolate
2019-12-23 12:41:22,zhaifg
2019-12-26 19:27:14,jimdoabc
2019-12-27 13:15:30,rzakharov-betpawa
2020-01-05 07:31:33,wangxuchao
2020-01-13 06:59:21,hw1020
2020-01-14 10:36:28,itliubin
2020-01-16 12:07:31,Alan4cheng
2020-01-16 20:04:31,abcwp
2020-01-24 15:33:38,paulbarratt
2020-01-25 00:34:22,coltondick
2020-02-04 13:50:01,congyunlong
2020-02-05 16:03:53,gowthamraj07
2020-02-14 07:20:07,hijackhulk
2020-02-18 21:49:39,lengjian
2020-02-20 07:15:02,tu-xx
2020-02-21 06:53:42,linfq1011
2020-02-25 15:36:25,RunSix1994
2020-02-26 14:05:39,wst021
2020-02-28 11:19:09,cecoo
2020-02-28 14:38:23,pe4ch
2020-02-28 18:37:16,LoveDu
2020-03-04 06:25:29,xgaxpp
2020-03-06 08:50:09,forlor
2020-03-10 14:24:52,Chrisdi
2020-03-12 06:49:19,ouuki
2020-03-13 17:03:45,huxiaolei1997
2020-03-15 10:00:26,mvphjx
2020-03-16 12:12:48,jinhua123456789
2020-03-20 12:16:42,jds423
2020-03-23 06:10:25,dzjfromChina
2020-03-24 07:48:13,valtenhyl
2020-03-31 14:00:20,bitholic
2020-04-03 07:33:43,dhy1989
2020-04-09 14:18:55,zhangfugui727
2020-04-13 12:35:27,oceanleo
2020-04-14 16:11:27,damonhang
2020-04-14 19:39:29,springwindyike
2020-04-15 15:05:32,nikband
2020-04-17 08:53:32,harshal-shinde
2020-04-17 15:17:13,quroni
2020-04-18 02:31:03,TangDynasty06
2020-04-19 13:24:08,wangl110
2020-04-22 07:05:16,zhoufoxcn
2020-04-25 11:13:21,zhujunqing
2020-04-30 16:25:04,mtve
2020-05-07 23:20:22,quisen
2020-05-08 00:12:47,cnmoro
2020-05-08 15:16:37,zhanghaichaogit
2020-05-08 19:10:23,kaisering
2020-05-09 05:31:40,lilvy
2020-05-11 21:14:31,mengrant
2020-05-12 05:28:09,popo3505
2020-05-12 11:36:22,Donaldhan
2020-05-18 06:08:35,zwp201301
2020-05-18 07:25:20,lvhengfei
2020-05-27 04:40:31,Lucien11
2020-06-03 14:51:55,nicogem
2020-06-08 14:11:35,CZenChang
2020-06-11 16:17:51,ye13jian
2020-06-13 17:11:27,xuqiangwei
2020-06-15 13:16:14,IcebergXTY
2020-06-17 19:54:57,tianliangge
2020-06-18 04:57:25,HouQ
2020-06-18 15:47:44,chenjian99309
2020-06-18 19:00:22,ht5678
2020-06-25 17:49:51,im47cn
2020-06-26 11:11:15,pzxguao
2020-07-01 11:07:26,Beyond23
2020-07-02 19:34:16,baininghan
2020-07-15 14:30:17,ceeker
2020-07-16 07:00:30,JIQ914915
2020-07-17 05:27:18,wangxiyuan
2020-07-17 19:46:46,pickonefish
2020-07-20 11:24:46,weng-pang
2020-07-23 07:46:51,tiact
2020-07-24 10:29:21,ChewJ404
2020-07-29 06:39:03,HuangPeng0721
2020-07-31 14:47:29,swordwith
2020-08-04 10:15:20,jicai
2020-08-08 12:11:49,liangchao0928
2020-08-08 13:08:07,josealvesmacieljunior
2020-08-13 06:45:18,144132
2020-08-14 07:38:40,ankelen
2020-08-18 05:13:12,linghaijun
2020-08-19 13:34:15,leonhom
2020-08-21 01:43:50,dadon-david
2020-08-24 13:40:38,Morakot
2020-08-31 11:38:05,dutengfei
2020-08-31 19:16:11,shiyindaxiaojie
